date,open,high,close,low,volume,price_change,p_change,ma5,ma10,ma20,v_ma5,v_ma10,v_ma20,turnover
2016-09-12,8.96,8.99,8.67,8.65,118995.32,-0.45,-4.93,8.974,8.839,8.824,133941.95,100008.5,96923.49,1.14
2016-09-09,9.2,9.26,9.12,9.1,115648.66,-0.07,-0.76,8.984,8.844,8.834,119991.96,94355.19,98502.06,1.11
2016-09-08,9.03,9.38,9.21,8.99,208176.06,0.22,2.45,8.906,8.794,8.811,108254.8,89120.82,97415.64,1.99
2016-09-07,8.88,9.16,8.99,8.83,151419.95,0.1,1.12,8.816,8.735,8.779,95290.3,76600.72,93112.37,1.45
2016-09-06,8.76,8.92,8.88,8.63,75469.74,0.16,1.83,8.748,8.712,8.767,72984.44,69850.06,93593.45,0.72
2016-09-05,8.72,8.79,8.72,8.68,49245.41,0.0,0.0,8.704,8.713,8.768,66075.05,71882.68,99245.54,0.47
2016-09-02,8.71,8.87,8.73,8.65,56962.83,-0.03,-0.34,8.704,8.715,8.775,68718.41,74019.61,110002.08,0.55
2016-09-01,8.9,8.92,8.76,8.67,143353.58,0.11,1.27,8.682,8.73,8.76,69986.84,75477.69,115689.93,1.37
2016-08-31,8.61,8.7,8.65,8.59,39890.65,0.0,0.0,8.654,8.745,8.748,57911.13,74385.62,119165.62,0.38
2016-08-30,8.77,8.77,8.66,8.63,40922.78,-0.07,-0.8,8.676,8.786,8.735,66715.68,86081.88,127562.02,0.39
2016-08-29,8.63,8.78,8.72,8.58,62462.19,0.09,1.04,8.722,8.808,8.713,77690.3,93838.49,132291.77,0.6
2016-08-26,8.68,8.74,8.62,8.6,63305.0,0.0,0.0,8.726,8.823,8.673,79320.81,102648.94,139110.34,0.61
2016-08-25,8.7,8.72,8.62,8.5,82975.05,-0.13,-1.49,8.778,8.828,8.665,80968.54,105710.46,144300.28,0.79
2016-08-24,8.9,8.93,8.76,8.73,83913.38,-0.12,-1.35,8.836,8.822,8.668,90860.11,109624.03,154432.28,0.8
2016-08-23,8.8,8.93,8.89,8.7,95795.89,0.14,1.6,8.896,8.821,8.642,105448.07,117336.84,161639.11,0.92
2016-08-22,8.89,8.95,8.74,8.7,70614.75,-0.13,-1.47,8.894,8.823,8.618,109986.67,126608.4,160744.3,0.68
2016-08-19,8.93,8.94,8.88,8.77,71543.62,-0.02,-0.23,8.92,8.835,8.596,125977.06,145984.55,160168.84,0.68
2016-08-18,9.06,9.06,8.91,8.81,132432.91,-0.13,-1.44,8.878,8.789,8.564,130452.37,155902.18,160317.86,1.27
2016-08-17,8.88,9.08,9.06,8.83,156853.2,0.18,2.03,8.808,8.75,8.537,128387.94,163945.61,159546.47,1.5
2016-08-16,8.88,8.95,8.88,8.81,118488.89,0.02,0.23,8.746,8.684,8.499,129225.6,169042.17,155295.96,1.13
2016-08-15,8.68,8.95,8.87,8.58,150566.66,0.19,2.19,8.752,8.618,8.467,143230.12,170745.05,151834.04,1.44
2016-08-12,8.53,8.7,8.67,8.48,93920.21,0.12,1.4,8.75,8.523,8.435,165992.04,175571.74,147408.16,0.9
2016-08-11,8.75,8.83,8.56,8.52,122110.74,-0.18,-2.06,8.7,8.502,8.417,181351.98,182890.1,146751.2,1.17
2016-08-10,8.89,9.03,8.75,8.73,161041.48,-0.15,-1.69,8.692,8.513,8.404,199503.28,199240.53,144623.8,1.54
2016-08-09,8.88,8.91,8.91,8.71,188511.5,0.05,0.56,8.622,8.463,8.382,208858.75,205941.39,145646.85,1.8
2016-08-08,8.4,8.95,8.86,8.4,264376.25,0.44,5.23,8.484,8.413,8.343,198259.98,194880.2,141110.43,2.53
2016-08-05,8.49,8.71,8.42,8.38,170719.92,-0.11,-1.29,8.296,8.357,8.302,185151.44,174353.13,132672.24,1.63
2016-08-04,8.38,8.74,8.52,8.33,212867.23,0.12,1.43,8.304,8.338,8.284,184428.21,164733.55,127465.33,2.04
2016-08-03,8.14,8.54,8.4,8.14,207818.83,0.18,2.19,8.334,8.323,8.263,198977.79,155147.34,120956.31,1.99
2016-08-02,7.86,8.23,8.22,7.86,135517.66,0.3,3.79,8.304,8.314,8.251,203024.03,141549.75,115061.58,1.3
2016-08-01,8.35,8.4,7.92,7.79,198833.55,-0.56,-6.6,8.342,8.316,8.248,191500.43,132923.03,115614.48,1.9
2016-07-29,8.61,8.72,8.46,8.41,167103.8,-0.23,-2.65,8.418,8.346,8.253,163554.83,119244.59,110473.85,1.6
2016-07-28,8.3,8.85,8.67,8.18,285615.12,0.43,5.22,8.372,8.331,8.226,145038.88,110612.3,105175.87,2.73
2016-07-27,8.42,8.62,8.25,8.1,228050.0,-0.15,-1.79,8.312,8.295,8.19,111316.89,90007.07,99758.12,2.18
2016-07-26,8.3,8.43,8.41,8.29,77899.67,0.1,1.2,8.324,8.301,8.17,80075.48,85352.31,94156.18,0.75
2016-07-25,8.2,8.35,8.3,8.17,59105.54,0.07,0.85,8.29,8.273,8.138,74345.63,87340.66,94006.09,0.57
2016-07-22,8.31,8.38,8.23,8.22,74524.08,-0.15,-1.79,8.274,8.246,8.105,74934.35,90991.35,93638.98,0.71
2016-07-21,8.33,8.48,8.37,8.25,117005.15,0.06,0.72,8.29,8.229,8.067,76185.71,90197.11,93480.95,1.12
2016-07-20,8.27,8.35,8.31,8.21,71842.95,0.06,0.73,8.278,8.202,8.031,68697.25,86765.29,90567.63,0.69
2016-07-19,8.22,8.27,8.24,8.16,49250.42,0.02,0.24,8.278,8.188,8.0,90629.14,88573.42,89585.43,0.47
2016-07-18,8.37,8.37,8.22,8.19,62049.14,-0.09,-1.08,8.256,8.18,7.967,100335.69,98305.93,90736.19,0.59
2016-07-15,8.38,8.41,8.31,8.25,80780.9,-0.01,-0.12,8.218,8.16,7.935,107048.34,101703.11,89810.49,0.77
2016-07-14,8.3,8.35,8.31,8.24,79562.82,0.01,0.12,8.168,8.12,7.9,104208.5,99739.45,89498.07,0.76
2016-07-13,8.13,8.37,8.31,8.11,181502.41,0.19,2.34,8.126,8.085,7.861,104833.33,109509.16,89299.02,1.74
2016-07-12,8.05,8.13,8.13,7.93,97783.16,0.1,1.25,8.098,8.039,7.826,86517.69,102960.05,83640.23,0.94
2016-07-11,8.07,8.12,8.03,8.0,95612.43,-0.02,-0.25,8.104,8.002,7.789,96276.17,100671.52,80979.03,0.92
2016-07-08,8.09,8.12,8.06,8.01,66581.69,-0.03,-0.37,8.102,7.964,7.756,96357.88,96286.61,79576.42,0.64
2016-07-07,8.14,8.16,8.1,8.04,82686.97,-0.06,-0.73,8.072,7.905,7.746,95270.39,96764.8,79027.1,0.79
2016-07-06,8.1,8.25,8.17,8.03,89924.22,0.01,0.12,8.044,7.86,7.737,114185.0,94369.97,77567.51,0.86
2016-07-05,8.05,8.19,8.16,7.97,146575.52,0.14,1.75,7.98,7.811,7.724,119402.41,90597.45,76313.43,1.4
2016-07-04,7.84,8.03,8.02,7.82,96021.01,0.13,1.65,7.9,7.753,7.714,105066.88,83166.45,72560.22,0.92
2016-07-01,7.89,8.0,7.91,7.85,61144.25,-0.04,-0.5,7.826,7.709,7.711,96215.35,77917.87,71292.35,0.59
2016-06-30,7.83,8.18,7.96,7.81,177259.98,0.12,1.53,7.738,7.68,7.711,98259.21,79256.7,71739.54,1.7
2016-06-29,7.76,7.88,7.85,7.71,116011.27,0.09,1.16,7.676,7.636,7.707,74554.94,69088.88,67837.89,1.11
2016-06-28,7.65,7.77,7.76,7.61,74897.87,0.11,1.44,7.642,7.612,7.692,61792.49,64320.4,64266.06,0.72
2016-06-27,7.45,7.7,7.65,7.43,51763.36,0.16,2.14,7.606,7.576,7.685,61266.03,61286.54,63392.33,0.5
2016-06-24,7.65,7.68,7.47,7.33,71363.57,-0.18,-2.35,7.592,7.547,7.686,59620.39,62866.22,64712.33,0.68
2016-06-23,7.68,7.68,7.65,7.54,58738.64,-0.03,-0.39,7.622,7.587,7.688,60254.19,61289.4,64421.96,0.56
2016-06-22,7.59,7.69,7.68,7.57,52199.03,0.1,1.32,7.596,7.614,7.68,63622.81,60765.04,64067.73,0.5
2016-06-21,7.63,7.76,7.58,7.53,72265.54,0.0,0.0,7.582,7.636,7.679,66848.31,62029.4,64594.78,0.69
2016-06-20,7.61,7.61,7.58,7.5,43535.18,-0.03,-0.39,7.546,7.675,7.679,61307.05,61953.99,63826.87,0.42
2016-06-17,7.55,7.69,7.62,7.53,74532.54,0.1,1.33,7.502,7.713,7.67,66112.05,64666.84,65379.52,0.71
2016-06-16,7.6,7.62,7.52,7.48,75581.75,-0.09,-1.18,7.552,7.741,7.657,62324.6,64222.39,66244.4,0.72
2016-06-15,7.37,7.76,7.61,7.33,68326.53,0.21,2.84,7.632,7.778,7.667,57907.28,66586.91,66928.14,0.65
2016-06-14,7.4,7.48,7.4,7.36,44559.24,0.01,0.14,7.69,7.771,7.679,57210.5,64211.72,65910.14,0.43
2016-06-13,7.78,7.82,7.36,7.36,67560.2,-0.5,-6.36,7.804,7.794,7.695,62600.92,65498.12,66865.52,0.65
2016-06-08,7.92,7.92,7.87,7.79,55595.3,-0.05,-0.63,7.924,7.825,7.712,63221.62,66558.43,66720.62,0.53
2016-06-07,7.91,7.95,7.92,7.81,53495.12,0.01,0.13,7.93,7.789,7.708,66120.18,67554.53,66433.71,0.51
2016-06-06,8.0,8.03,7.9,7.84,64842.62,-0.07,-0.88,7.924,7.746,7.705,75266.54,67370.42,65996.12,0.62
2016-06-03,7.96,8.01,7.97,7.9,71511.38,0.01,0.13,7.852,7.721,7.701,71212.94,67160.15,67643.9,0.68
2016-06-02,7.9,7.97,7.96,7.85,70663.67,0.06,0.76,7.784,7.682,7.713,68395.31,65699.76,71827.0,0.68
2016-06-01,7.93,7.97,7.9,7.87,70088.1,0.01,0.13,7.726,7.627,7.752,69895.25,66092.2,75506.31,0.67
2016-05-31,7.55,7.9,7.89,7.54,99226.93,0.36,4.78,7.648,7.572,7.78,68988.87,68266.41,75838.13,0.95
2016-05-30,7.57,7.64,7.54,7.47,44574.63,-0.1,-1.31,7.568,7.555,7.814,59474.29,67269.38,77229.29,0.43
2016-05-27,7.61,7.7,7.63,7.58,57423.22,-0.01,-0.13,7.59,7.586,7.847,63107.36,67608.56,77296.19,0.55
2016-05-26,7.51,7.69,7.67,7.38,78163.37,0.15,2.0,7.58,7.596,7.874,63004.21,68232.93,77173.2,0.75
2016-05-25,7.57,7.63,7.51,7.49,65556.22,0.03,0.4,7.528,7.599,7.901,62289.14,66882.81,76545.01,0.63
2016-05-24,7.6,7.65,7.49,7.42,51654.01,-0.16,-2.09,7.496,7.626,7.941,67543.94,65312.9,76016.08,0.49
2016-05-23,7.58,7.74,7.65,7.55,62740.0,0.07,0.92,7.542,7.663,7.974,75064.47,64621.82,76241.66,0.6
2016-05-20,7.37,7.6,7.58,7.34,56907.46,0.17,2.29,7.582,7.68,8.003,72109.75,68127.65,75311.98,0.54
2016-05-19,7.35,7.55,7.41,7.32,74588.03,0.06,0.82,7.612,7.744,8.034,73461.64,77954.24,76363.1,0.71
2016-05-18,7.65,7.66,7.35,7.23,91830.22,-0.36,-4.67,7.67,7.876,8.078,71476.48,84920.42,81071.63,0.88
2016-05-17,7.86,7.89,7.72,7.6,89256.65,-0.12,-1.53,7.756,7.988,8.155,63081.86,83409.86,80116.61,0.85
2016-05-16,7.71,7.87,7.85,7.65,47966.38,0.11,1.42,7.784,8.073,8.213,54179.16,87189.2,80829.51,0.46
2016-05-13,7.67,7.77,7.73,7.62,63666.92,0.04,0.52,7.778,8.108,8.28,64145.56,86983.82,84106.69,0.61
2016-05-12,7.71,7.77,7.7,7.42,64662.23,-0.08,-1.03,7.876,8.151,8.355,82446.84,86113.48,87406.38,0.62
2016-05-11,7.93,7.97,7.78,7.75,49857.12,-0.08,-1.02,8.082,8.203,8.427,98364.37,86207.2,95308.47,0.48
2016-05-10,7.83,7.94,7.86,7.83,44743.16,0.04,0.51,8.22,8.255,8.493,103737.85,86719.25,98180.0,0.43
2016-05-09,8.14,8.18,7.82,7.8,97798.36,-0.4,-4.87,8.362,8.285,8.551,120199.25,87861.51,101992.14,0.94
2016-05-06,8.63,8.74,8.22,8.2,155173.33,-0.52,-5.95,8.438,8.326,8.601,109822.07,82496.31,102049.51,1.49
2016-05-05,8.5,8.86,8.73,8.5,144249.88,0.25,2.95,8.426,8.323,8.641,89780.12,74771.96,100209.82,1.38
2016-05-04,8.52,8.64,8.47,8.44,76724.53,-0.1,-1.17,8.324,8.279,8.666,74050.04,77222.83,99267.73,0.73
2016-05-03,8.26,8.61,8.57,8.14,127050.13,0.37,4.51,8.29,8.322,8.706,69700.64,76823.36,102964.96,1.22
2016-04-29,8.15,8.23,8.2,8.1,45912.5,0.04,0.49,8.208,8.353,8.731,55523.77,74469.81,102679.61,0.44
2016-04-28,8.21,8.26,8.16,8.0,54963.55,-0.05,-0.61,8.214,8.451,8.781,55170.54,81229.56,108778.46,0.53
2016-04-27,8.25,8.32,8.22,8.17,65599.47,-0.07,-0.84,8.22,8.558,8.831,59763.8,88699.28,113065.91,0.63
2016-04-26,8.17,8.31,8.3,8.12,54977.57,0.14,1.72,8.234,8.651,8.866,80395.63,104409.73,125867.86,0.53
2016-04-25,8.19,8.22,8.16,8.03,56165.75,-0.07,-0.85,8.354,8.73,8.915,83946.07,109640.76,139315.31,0.54
2016-04-22,8.07,8.26,8.23,8.07,44146.37,0.04,0.49,8.498,8.817,8.957,93415.86,116122.78,144197.55,0.42
2016-04-21,8.25,8.39,8.19,8.18,77929.82,-0.11,-1.32,8.688,8.875,8.982,107288.58,121602.71,149222.47,0.75
2016-04-20,8.93,8.94,8.29,8.01,168758.64,-0.61,-6.85,8.896,8.958,9.017,117634.77,125647.69,150659.37,1.62
2016-04-19,8.95,9.0,8.9,8.83,72729.79,0.02,0.23,9.068,9.052,9.046,128423.83,121312.63,151557.25,0.7
2016-04-18,9.12,9.13,8.88,8.82,103514.66,-0.29,-3.16,9.106,9.089,9.045,135335.44,129106.57,156239.05,0.99
2016-04-15,9.22,9.25,9.18,9.04,113509.99,-0.05,-0.54,9.136,9.108,9.036,138829.7,130889.41,159446.78,1.09
2016-04-14,9.18,9.26,9.23,9.07,129660.78,0.08,0.87,9.062,9.111,8.993,135916.83,136327.36,160997.65,1.24
2016-04-13,9.12,9.32,9.15,9.09,222703.91,0.06,0.66,9.02,9.104,8.932,133660.6,137432.54,158501.02,2.13
2016-04-12,9.0,9.11,9.09,8.94,107287.87,0.05,0.55,9.036,9.08,8.88,114201.43,147326.0,151489.25,1.03
2016-04-11,9.05,9.14,9.03,8.92,120985.94,0.23,2.61,9.072,9.1,8.836,122877.7,168989.86,151254.69,1.16
2016-04-08,8.97,9.0,8.81,8.64,98945.65,-0.2,-2.22,9.08,9.097,8.783,122949.13,172272.32,149419.55,0.95
2016-04-07,9.32,9.32,9.02,8.95,118379.62,-0.21,-2.27,9.16,9.089,8.74,136737.88,176842.23,151837.6,1.13
2016-04-06,9.22,9.32,9.23,9.15,125408.08,-0.04,-0.43,9.188,9.076,8.709,141204.48,175671.05,151882.35,1.2
2016-04-05,9.15,9.37,9.27,9.05,150669.2,0.21,2.32,9.124,9.039,8.683,180450.57,181801.87,157354.29,1.44
2016-04-01,9.18,9.25,9.07,8.94,121343.09,-0.14,-1.52,9.128,9.001,8.664,215102.01,183371.54,157541.28,1.16
2016-03-31,9.23,9.38,9.21,9.1,167889.41,0.05,0.55,9.114,8.963,8.641,221595.51,188004.14,160479.04,1.61
2016-03-30,8.96,9.2,9.16,8.94,140712.62,0.25,2.81,9.018,8.874,8.634,216946.58,185667.95,164061.44,1.35
2016-03-29,9.36,9.45,8.91,8.81,321638.53,-0.38,-4.09,8.964,8.76,8.631,210137.63,179569.5,171069.95,3.08
2016-03-28,9.01,9.37,9.29,8.96,323926.41,0.27,2.99,8.954,8.68,8.623,183153.16,155652.51,170304.27,3.1
2016-03-25,8.73,9.04,9.0,8.72,153810.59,0.27,3.09,8.874,8.572,8.583,151641.06,133519.53,164337.06,1.47
2016-03-24,8.85,9.01,8.73,8.63,144644.73,-0.16,-1.8,8.812,8.469,8.548,154412.77,126566.78,161356.52,1.38
2016-03-23,8.79,8.93,8.89,8.73,106667.88,0.03,0.34,8.73,8.391,8.523,154389.32,126832.97,162313.98,1.02
2016-03-22,8.79,9.07,8.86,8.74,186716.19,-0.03,-0.34,8.556,8.342,8.532,149001.36,128093.65,164559.27,1.79
2016-03-21,8.79,8.91,8.89,8.67,166365.91,0.21,2.42,8.406,8.327,8.546,128151.85,132906.72,163239.26,1.59
2016-03-18,8.37,8.75,8.69,8.27,167669.12,0.36,4.32,8.27,8.327,8.551,115398.0,131711.02,163878.12,1.6
2016-03-17,8.05,8.33,8.32,8.0,144527.52,0.3,3.74,8.126,8.318,8.559,98720.8,132953.94,161881.32,1.38
2016-03-16,8.16,8.17,8.02,7.98,79728.08,-0.09,-1.11,8.052,8.394,8.589,99276.62,142454.92,169834.53,0.76
2016-03-15,8.21,8.28,8.11,8.08,82468.64,-0.12,-1.46,8.128,8.501,8.623,107185.93,162570.41,179567.01,0.79
2016-03-14,8.06,8.35,8.21,8.0,102596.62,0.24,3.01,8.248,8.565,8.648,137661.58,184956.04,185581.41,0.98
2016-03-11,7.9,8.02,7.97,7.81,84283.12,-0.02,-0.25,8.384,8.593,8.628,148024.04,195154.59,185092.88,0.81
2016-03-10,8.44,8.47,7.95,7.95,147306.62,-0.45,-5.36,8.51,8.626,8.621,167187.07,196146.25,186995.18,1.41
2016-03-09,8.49,8.61,8.4,8.3,119274.67,-0.31,-3.56,8.736,8.654,8.619,185633.23,197794.99,185110.99,1.14
2016-03-08,8.88,8.89,8.71,8.27,234846.89,-0.18,-2.02,8.874,8.722,8.586,217954.89,201024.88,183372.44,2.25
2016-03-07,8.69,9.04,8.89,8.68,154408.89,0.29,3.37,8.882,8.764,8.538,232250.49,193571.8,176757.19,1.48
2016-03-04,9.05,9.05,8.6,8.51,180098.3,-0.48,-5.29,8.802,8.774,8.467,242285.14,196045.22,172965.89,1.72
2016-03-03,9.0,9.22,9.08,8.92,239537.41,-0.02,-0.22,8.742,8.799,8.413,225105.43,190808.7,169326.12,2.29
2016-03-02,8.64,9.14,9.09,8.55,280882.94,0.36,4.12,8.572,8.783,8.32,209956.76,197214.13,162351.16,2.69
2016-03-01,8.49,8.88,8.75,8.29,306324.91,0.27,3.18,8.57,8.745,8.239,184094.88,196563.61,153750.43,2.93
2016-02-29,8.37,8.55,8.49,7.66,204582.14,0.16,1.92,8.646,8.73,8.183,154893.11,186206.79,145387.64,1.96
2016-02-26,8.3,8.47,8.3,8.12,94199.77,0.09,1.1,8.746,8.663,8.18,149805.3,175031.17,139896.79,0.9
2016-02-25,9.01,9.04,8.23,8.18,163794.02,-0.86,-9.46,8.856,8.616,8.182,156511.96,177844.11,139434.97,1.57
2016-02-24,9.06,9.15,9.08,8.75,151573.55,-0.05,-0.55,8.994,8.583,8.179,184471.5,172426.98,137624.2,1.45
2016-02-23,8.9,9.18,9.13,8.66,160316.05,0.16,1.78,8.92,8.449,8.148,209032.34,165720.0,136440.54,1.53
2016-02-22,9.07,9.17,8.99,8.94,179143.09,0.14,1.58,8.814,8.312,8.119,217520.47,159942.58,135284.98,1.71
2016-02-19,8.82,8.91,8.85,8.71,127733.09,-0.07,-0.79,8.58,8.159,8.078,200257.04,149886.56,131530.25,1.22
2016-02-18,8.78,9.19,8.92,8.57,303591.72,0.21,2.41,8.376,8.026,8.034,199176.26,147843.54,131926.11,2.91
2016-02-17,8.6,8.83,8.71,8.46,274377.75,0.11,1.28,8.172,7.857,8.012,160382.45,127488.19,126068.97,2.63
2016-02-16,8.0,8.6,8.6,7.91,202756.69,0.78,9.97,7.978,7.732,7.987,122407.66,110937.25,117168.04,1.94
2016-02-15,7.47,7.93,7.82,7.42,92825.94,0.01,0.13,7.81,7.635,7.988,102364.69,104568.49,111752.75,0.89
2016-02-05,7.9,8.21,7.83,7.8,122329.2,-0.08,-1.01,7.738,7.696,8.024,99516.08,104762.41,114616.04,1.17
2016-02-04,7.81,7.96,7.9,7.72,109622.68,0.16,2.07,7.676,7.748,8.108,96510.81,101025.83,116006.58,1.05
2016-02-03,7.64,7.8,7.74,7.53,84503.78,-0.02,-0.26,7.542,7.775,8.188,94593.93,102821.43,112552.45,0.81
2016-02-02,7.47,7.82,7.76,7.4,102541.87,0.31,4.16,7.486,7.847,8.329,99466.83,107161.08,115558.88,0.98
2016-02-01,7.52,7.52,7.46,7.28,78582.88,-0.06,-0.8,7.46,7.925,8.461,106772.28,110627.37,119207.59,0.75
2016-01-29,7.23,7.62,7.52,7.2,107302.86,0.31,4.3,7.654,7.996,8.626,110008.74,113173.93,120452.75,1.03
2016-01-28,7.43,7.55,7.23,7.18,100038.27,-0.22,-2.95,7.82,8.041,8.847,105540.84,116008.69,119815.26,0.96
2016-01-27,7.66,7.72,7.46,7.12,108868.29,-0.19,-2.48,8.008,8.167,9.098,111048.92,124649.75,120337.41,1.04
2016-01-26,8.35,8.39,7.63,7.57,139069.12,-0.78,-9.28,8.208,8.242,9.324,114855.33,123398.83,120022.5,1.33
2016-01-25,8.53,8.57,8.43,8.33,94765.18,0.08,0.96,8.39,8.34,9.53,114482.46,118937.02,122868.68,0.91
2016-01-22,8.3,8.4,8.35,8.09,84963.35,0.18,2.2,8.338,8.352,9.717,116339.12,124469.68,123133.61,0.81
2016-01-21,8.32,8.64,8.17,8.12,127578.66,-0.29,-3.43,8.262,8.467,9.909,126476.53,130987.34,124429.74,1.22
2016-01-20,8.46,8.59,8.46,8.33,127900.32,-0.08,-0.94,8.326,8.6,10.112,138250.57,122283.47,125429.35,1.22
2016-01-19,8.19,8.58,8.54,8.11,137204.78,0.36,4.4,8.276,8.81,10.308,131942.33,123956.67,127364.53,1.31
2016-01-18,7.7,8.35,8.17,7.68,104048.49,0.2,2.51,8.29,8.996,10.497,123391.57,127787.81,130046.94,1.0
2016-01-15,8.41,8.47,7.97,7.89,135650.41,-0.51,-6.01,8.366,9.256,10.696,132600.23,127731.58,135184.35,1.3
2016-01-14,7.81,8.55,8.49,7.81,186448.86,0.26,3.16,8.672,9.653,10.9,135498.14,123621.83,136745.47,1.78
2016-01-13,8.66,8.81,8.21,8.12,96359.11,-0.39,-4.54,8.874,10.028,11.063,106316.37,116025.07,132690.96,0.92
2016-01-12,8.4,8.7,8.61,8.35,94451.0,0.06,0.7,9.344,10.406,11.239,115971.01,116646.16,132256.55,0.9
2016-01-11,9.1,9.35,8.55,8.55,150091.77,-0.95,-10.0,9.702,10.72,11.394,132184.04,126800.35,132424.49,1.44
2016-01-08,9.66,9.82,9.5,8.91,150139.98,0.0,0.0,10.146,11.082,11.542,122862.92,121797.54,129804.35,1.44
2016-01-07,10.41,10.42,9.5,9.5,40540.0,-1.06,-10.04,10.634,11.35,11.66,111745.52,117872.14,127918.13,0.39
2016-01-06,10.34,10.61,10.56,10.26,144632.31,0.16,1.54,11.182,11.623,11.78,125733.77,128575.23,131136.58,1.38
2016-01-05,10.05,10.8,10.4,9.88,175516.16,-0.36,-3.35,11.468,11.805,11.843,117321.31,130772.39,131349.29,1.68
2016-01-04,11.86,11.93,10.77,10.75,103486.16,-1.17,-9.8,11.738,11.998,11.938,121416.65,132306.07,132570.06,0.99
2015-12-31,12.21,12.3,11.94,11.91,94552.95,-0.3,-2.45,12.018,12.136,12.002,120732.17,142637.12,135551.65,0.9
2015-12-30,12.02,12.25,12.24,11.9,110481.29,0.27,2.26,12.066,12.146,12.01,123998.76,149869.11,138994.58,1.06
2015-12-29,11.69,12.03,11.99,11.65,102570.0,0.19,1.61,12.064,12.097,11.981,131416.68,149356.84,139979.52,0.98
2015-12-28,12.2,12.45,11.75,11.7,195992.83,-0.42,-3.45,12.142,12.071,11.965,144223.48,147866.93,144035.88,1.88
2015-12-25,12.05,12.27,12.17,12.05,100063.76,0.0,0.0,12.258,12.067,11.958,143195.49,138048.63,144894.24,0.96
2015-12-24,12.14,12.31,12.18,11.92,110885.91,0.04,0.33,12.254,12.002,11.938,164542.07,137811.15,153810.71,1.06
2015-12-23,12.38,12.47,12.23,12.0,147570.91,-0.16,-1.29,12.226,11.97,11.977,175739.47,137964.13,162042.9,1.41
2015-12-22,12.31,12.43,12.38,12.15,166603.98,0.05,0.41,12.13,11.936,12.02,167297.0,133697.92,171142.89,1.59
2015-12-21,12.16,12.54,12.33,12.07,190852.91,0.17,1.4,12.0,11.881,12.039,151510.38,131926.19,172929.05,1.83
2015-12-18,12.02,12.3,12.15,11.93,206796.62,0.11,0.91,11.876,11.878,12.056,132901.77,132834.06,179318.69,1.98
2015-12-17,11.73,12.09,12.04,11.73,166872.92,0.31,2.64,11.75,11.868,12.082,111080.24,128466.18,185138.22,1.6
2015-12-16,11.8,11.92,11.75,11.68,105358.55,0.02,0.17,11.714,11.874,12.109,100188.79,128120.04,190866.85,1.01
2015-12-15,11.71,11.92,11.73,11.66,87670.9,0.02,0.17,11.742,11.865,12.136,100098.85,130602.2,201640.45,0.84
2015-12-14,11.35,11.73,11.71,11.28,97809.84,0.2,1.74,11.762,11.859,12.183,112342.0,140204.83,220817.92,0.94
2015-12-11,11.8,11.8,11.52,11.5,97688.98,-0.34,-2.87,11.88,11.849,12.241,132766.35,151739.85,236115.35,0.93
2015-12-10,11.91,12.05,11.86,11.79,112415.67,-0.07,-0.59,11.986,11.874,12.278,145852.12,169810.26,252983.19,1.08
2015-12-09,11.9,12.04,11.89,11.74,104908.87,0.03,0.25,12.034,11.984,12.301,156051.29,186121.68,268719.78,1.0
2015-12-08,12.15,12.3,11.83,11.78,148886.62,-0.51,-4.13,11.988,12.104,12.322,161105.55,208587.86,279545.07,1.42
2015-12-07,12.0,12.4,12.3,11.85,199931.59,0.25,2.08,11.956,12.197,12.34,168067.67,213931.91,293246.82,1.91
2015-12-04,12.05,12.18,12.05,11.71,163117.84,-0.05,-0.41,11.818,12.233,12.322,170713.35,225803.33,298424.8,1.56
2015-12-03,11.78,12.13,12.1,11.61,163411.55,0.43,3.69,11.762,12.295,12.318,193768.41,241810.26,310825.61,1.56
2015-12-02,11.66,11.81,11.66,11.21,130180.17,-0.03,-0.26,11.934,12.343,12.303,216192.06,253613.65,325683.8,1.25
2015-12-01,11.59,11.96,11.67,11.44,183697.19,0.07,0.6,12.22,12.407,12.294,256070.17,272678.7,334055.8,1.76
2015-11-30,11.87,11.9,11.61,10.91,213160.02,-0.17,-1.44,12.438,12.506,12.248,259796.15,301431.0,333868.6,2.04
2015-11-27,12.78,12.96,11.77,11.66,278393.12,-1.19,-9.18,12.648,12.633,12.21,280893.31,320490.84,335832.81,2.66
2015-11-26,13.09,13.18,12.96,12.64,275529.81,-0.1,-0.77,12.828,12.682,12.19,289852.12,336156.11,337735.89,2.64
2015-11-25,12.73,13.13,13.09,12.55,329570.69,0.36,2.83,12.752,12.618,12.112,291035.24,351317.88,338395.72,3.15
2015-11-24,12.63,12.79,12.76,12.44,202327.12,0.12,0.95,12.594,12.539,12.018,289287.22,350502.28,343195.94,1.94
2015-11-23,12.6,13.08,12.66,12.49,318645.81,-0.02,-0.16,12.574,12.482,11.969,343065.84,372561.72,359608.49,3.05
2015-11-20,12.65,12.76,12.67,12.52,323187.16,0.09,0.71,12.618,12.41,11.894,360088.37,371046.27,360292.03,3.09
2015-11-19,12.37,12.62,12.58,12.21,281445.41,0.29,2.36,12.536,12.341,11.815,382460.09,379840.96,362412.67,2.69
2015-11-18,12.83,13.02,12.3,12.16,320830.62,-0.4,-3.15,12.484,12.262,11.712,411600.52,397753.94,362480.54,3.07
2015-11-17,12.92,13.18,12.66,12.58,471220.22,-0.21,-1.63,12.484,12.18,11.599,411717.33,395432.9,370236.65,4.51
2015-11-16,11.85,12.9,12.88,11.85,403758.44,0.66,5.4,12.39,11.99,11.527,402057.6,366306.2,362179.04,3.86
2015-11-13,12.1,12.68,12.26,11.99,435045.78,-0.06,-0.49,12.202,11.786,11.429,382004.16,351174.78,362743.05,4.16
2015-11-12,12.29,12.55,12.32,11.87,427147.53,0.03,0.24,12.146,11.698,11.369,377221.82,339315.67,363418.44,4.09
2015-11-11,12.18,12.37,12.3,12.0,321414.66,0.1,0.82,12.04,11.606,11.283,383907.37,325473.55,357403.64,3.08
2015-11-10,11.95,12.49,12.19,11.82,422921.59,0.24,2.01,11.876,11.496,11.173,379148.47,335889.6,355091.78,4.05
2015-11-09,11.9,12.09,11.94,11.63,303491.25,-0.03,-0.25,11.59,11.455,11.086,330554.8,346655.26,350273.54,2.9
2015-11-06,11.94,12.2,11.98,11.85,411134.06,0.2,1.7,11.37,11.378,11.006,320345.4,349537.8,352448.87,3.93
2015-11-05,11.5,11.86,11.79,11.29,460575.28,0.33,2.88,11.25,11.288,10.896,301409.52,344984.39,343383.79,4.41
2015-11-04,10.84,11.49,11.48,10.8,297620.19,0.73,6.79,11.172,11.161,10.782,267039.74,327207.14,329672.59,2.85
2015-11-03,10.85,10.96,10.76,10.64,179953.22,-0.06,-0.56,11.116,11.018,10.66,292630.72,345040.39,319376.73,1.72
2015-11-02,11.2,11.35,10.84,10.74,252444.25,-0.53,-4.66,11.32,11.063,10.574,362755.73,358051.88,316794.89,2.42
2015-10-30,11.35,11.7,11.38,11.02,316454.66,-0.01,-0.09,11.386,11.071,10.5,378730.2,374311.32,311353.31,3.03
2015-10-29,11.28,11.54,11.4,11.08,288726.38,0.19,1.7,11.326,11.04,10.387,388559.26,387521.2,305603.98,2.76
2015-10-28,11.45,11.98,11.2,11.07,425575.09,-0.58,-4.92,11.15,10.959,10.305,387374.54,389333.72,303625.71,4.07
2015-10-27,11.0,12.0,11.78,10.5,530578.25,0.62,5.56,10.92,10.849,10.225,397450.06,374293.96,293846.31,5.08
2015-10-26,11.2,11.24,11.17,10.89,332316.62,0.08,0.72,10.806,10.717,10.117,353348.04,353891.82,281916.62,3.18
2015-10-23,10.63,11.2,11.08,10.46,365599.94,0.55,5.22,10.756,10.633,10.043,369892.44,355359.93,278882.95,3.5
2015-10-22,10.18,10.61,10.52,10.02,282802.81,0.45,4.47,10.754,10.504,9.946,386483.15,341783.2,273828.39,2.71
2015-10-21,11.26,11.58,10.05,10.05,475952.69,-1.12,-10.03,10.768,10.403,9.858,391292.9,332138.04,276365.94,4.56
2015-10-20,10.92,11.28,11.21,10.78,310068.12,0.29,2.66,10.778,10.302,9.802,351137.85,293713.07,265819.83,2.97
2015-10-19,11.0,11.34,10.92,10.56,415038.62,-0.14,-1.27,10.628,10.084,9.648,354435.6,275537.9,264012.4,3.97
2015-10-16,10.7,11.3,11.07,10.52,448553.53,0.47,4.43,10.51,9.929,9.552,340827.42,248395.3,259287.68,4.29
2015-10-15,10.11,10.63,10.59,10.11,306851.56,0.49,4.85,10.254,9.734,9.499,297083.24,223686.76,256394.27,2.94
2015-10-14,10.36,10.43,10.1,10.09,275177.44,-0.37,-3.53,10.038,9.65,9.44,272983.18,217917.7,252346.15,2.63
2015-10-13,10.18,10.8,10.46,10.08,326556.84,0.14,1.36,9.826,9.6,9.416,236288.29,213398.66,259159.98,3.13
2015-10-12,9.82,10.48,10.33,9.71,346997.75,0.55,5.62,9.54,9.516,9.358,196640.21,209941.43,256876.54,3.32
2015-10-09,9.5,9.95,9.79,9.42,229832.62,0.29,3.05,9.348,9.452,9.268,155963.17,202405.97,251247.34,2.2
2015-10-08,9.41,9.65,9.51,9.32,186351.23,0.46,5.08,9.214,9.388,9.189,150290.29,205873.57,253337.91,1.78
2015-09-30,9.11,9.22,9.04,9.0,91702.99,0.03,0.33,9.262,9.313,9.15,162852.23,220593.85,256808.34,0.88
2015-09-29,9.17,9.26,9.03,8.92,128316.45,-0.33,-3.53,9.374,9.302,9.181,190509.03,237926.58,268216.57,1.23
2015-09-28,9.18,9.48,9.37,8.91,143612.56,0.25,2.74,9.492,9.211,9.234,223242.65,252486.91,279011.51,1.37
2015-09-25,9.65,9.78,9.12,9.02,201468.2,-0.6,-6.17,9.556,9.175,9.231,248848.77,270180.07,288806.76,1.93
2015-09-24,9.7,9.99,9.75,9.54,249160.94,0.16,1.67,9.562,9.264,9.218,261456.86,289101.78,298143.15,2.38
2015-09-23,9.43,9.88,9.6,9.36,229986.98,-0.02,-0.21,9.364,9.229,9.223,278335.47,286774.61,295979.82,2.2
2015-09-22,9.65,9.84,9.62,9.37,291984.59,-0.06,-0.62,9.23,9.232,9.29,285344.14,304921.3,292397.13,2.79
2015-09-21,8.93,9.69,9.69,8.88,271643.12,0.55,6.02,8.93,9.2,9.419,281731.16,303811.65,291036.84,2.6
2015-09-18,8.9,9.2,9.15,8.68,264508.66,0.4,4.57,8.794,9.083,9.604,291511.36,300088.7,292006.6,2.53
2015-09-17,8.92,9.48,8.76,8.71,333554.0,-0.17,-1.9,8.966,8.99,9.844,316746.7,300802.25,295813.8,3.19
2015-09-16,8.21,8.93,8.93,8.12,265030.34,0.81,9.97,9.094,8.986,10.099,295213.74,293022.82,299538.94,2.54
2015-09-15,8.63,8.91,8.12,8.11,273919.66,-0.89,-9.88,9.234,9.059,10.423,324498.46,298506.55,308592.71,2.62
2015-09-14,10.18,10.18,9.01,9.01,320544.16,-1.0,-9.99,9.47,9.257,10.767,325892.15,305536.11,314478.01,3.07
2015-09-11,9.35,10.07,10.01,9.35,390685.34,0.62,6.6,9.372,9.286,11.082,308666.04,307433.46,321886.21,3.74
2015-09-10,9.31,9.7,9.4,9.25,225889.2,-0.2,-2.08,9.014,9.172,11.322,284857.79,307184.53,326931.38,2.16
2015-09-09,9.3,9.75,9.63,9.23,411453.94,0.33,3.55,8.878,9.217,11.573,290831.91,305185.03,335751.58,3.94
2015-09-08,8.6,9.37,9.3,8.36,280888.12,0.78,9.15,8.884,9.348,11.811,272514.64,279872.96,336187.14,2.69
2015-09-07,8.4,8.87,8.52,8.34,234413.61,0.3,3.65,9.044,9.637,12.023,285180.07,278262.02,336766.78,2.24
2015-09-02,8.31,9.04,8.22,8.02,271644.09,-0.49,-5.63,9.2,10.125,12.254,306200.88,283924.49,338267.38,2.6
2015-09-01,9.5,9.59,8.72,8.71,255759.78,-0.96,-9.92,9.33,10.697,12.482,329511.27,290825.36,338871.35,2.45
2015-08-31,9.91,10.22,9.66,9.36,319867.59,-0.43,-4.26,9.556,11.212,12.696,319538.14,306055.06,338777.52,3.06
2015-08-28,9.43,10.15,10.1,9.3,344215.28,0.8,8.6,9.812,11.787,12.812,287231.29,318678.87,337315.44,3.29
2015-08-27,8.9,9.55,9.3,8.26,339517.66,0.43,4.85,10.23,12.277,12.919,271343.96,323419.9,335622.31,3.25
2015-08-26,9.79,10.25,8.87,8.87,388196.03,-0.98,-9.95,11.05,12.878,13.072,261648.11,336338.95,336380.98,3.72
2015-08-25,9.85,10.08,9.85,9.85,205894.16,-1.09,-9.96,12.064,13.472,13.272,252139.45,346678.23,332969.92,1.97
2015-08-24,11.5,11.56,10.94,10.94,158333.31,-1.21,-9.96,12.868,13.928,13.378,292571.98,366318.13,350338.55,1.52
2015-08-21,12.93,13.26,12.19,12.11,264778.66,-1.22,-9.1,13.762,14.274,13.463,350126.44,392501.31,367554.46,2.53
2015-08-20,13.71,14.35,13.4,13.38,291038.38,-0.54,-3.87,14.324,14.409,13.556,375495.84,395271.54,389545.64,2.79
2015-08-19,13.18,14.18,13.94,12.52,340652.75,0.08,0.58,14.706,14.382,13.621,411029.79,392610.27,415536.48,3.26
2015-08-18,15.38,15.68,13.87,13.87,408056.81,-1.54,-9.99,14.88,14.267,13.6,441217.01,386917.33,424618.96,3.91
2015-08-17,15.0,15.5,15.41,14.4,446105.62,0.41,2.73,14.988,14.18,13.583,440064.27,371499.99,427794.25,4.27
2015-08-14,15.33,15.8,15.0,14.88,391625.66,-0.32,-2.09,14.786,13.836,13.471,434876.17,355952.01,431752.0,3.75
2015-08-13,14.56,15.58,15.31,14.48,468708.12,0.49,3.31,14.494,13.56,13.368,415047.24,347824.73,440189.39,4.49
2015-08-12,14.05,15.29,14.81,13.92,491588.84,0.4,2.78,14.058,13.265,13.203,374190.74,336423.0,440312.94,4.7
2015-08-11,14.39,14.87,14.41,14.15,402293.12,0.01,0.07,13.654,13.072,13.058,332617.65,319261.61,435208.07,3.85
2015-08-10,13.7,14.52,14.4,13.7,420165.12,0.87,6.43,13.372,12.828,12.999,302935.7,334358.98,461270.31,4.02
2015-08-07,13.25,13.68,13.54,13.15,292481.0,0.44,3.36,12.886,12.652,12.965,277027.84,342607.61,478045.36,2.8
2015-08-06,12.4,13.35,13.13,12.2,264425.62,0.32,2.5,12.626,12.703,12.911,280602.21,383819.73,485774.36,2.53
2015-08-05,13.0,13.35,12.79,12.75,283723.41,-0.2,-1.54,12.472,12.86,12.822,298655.27,438462.7,510446.29,2.72
2015-08-04,12.06,13.02,13.0,12.0,253883.34,1.04,8.7,12.49,12.933,12.698,305905.57,462320.59,507241.98,2.43
2015-08-03,11.94,12.12,11.97,11.28,290625.84,-0.26,-2.13,12.284,12.986,12.62,365782.26,484088.52,525858.14,2.78
2015-07-31,12.11,12.45,12.24,12.0,310352.84,-0.12,-0.97,12.418,13.106,12.631,408187.38,507551.99,533975.62,2.97
2015-07-30,12.65,13.29,12.36,12.25,354690.91,-0.52,-4.04,12.78,13.176,12.697,487037.26,532554.05,540029.86,3.39
2015-07-29,12.33,12.98,12.88,11.74,319974.94,0.9,7.51,13.248,13.14,12.83,578270.14,544202.87,545932.02,3.06
2015-07-28,12.0,12.7,11.97,11.38,553266.75,-0.67,-5.3,13.376,13.043,13.016,618735.6,551154.53,557887.07,5.29
2015-07-27,13.5,14.42,12.64,12.64,502651.44,-1.4,-9.97,13.688,13.169,13.192,602394.78,588181.65,550092.8,4.81
2015-07-24,14.6,15.2,14.05,13.9,704602.25,-0.61,-4.16,13.794,13.277,13.421,606916.61,613483.11,540965.4,6.74
2015-07-23,13.52,14.86,14.7,13.46,810855.31,1.19,8.81,13.572,13.119,13.675,578070.84,587728.99,526101.24,7.76
2015-07-22,13.54,13.8,13.52,12.9,522302.25,0.02,0.15,13.032,12.783,13.994,510135.6,582429.87,508222.62,5.0
2015-07-21,12.85,13.59,13.53,12.75,471562.66,0.38,2.89,12.71,12.462,14.334,483573.45,552163.38,502437.72,4.51
2015-07-20,12.91,13.56,13.17,12.68,525260.56,0.26,2.01,12.65,12.253,14.694,573968.52,567627.77,502700.49,5.03
2015-07-17,12.08,13.15,12.94,12.04,560373.44,0.95,7.92,12.76,12.156,15.186,620049.61,560399.26,510900.09,5.36
2015-07-16,11.9,12.53,12.0,10.85,471179.09,0.09,0.76,12.666,12.217,15.742,597387.14,547505.67,509328.86,4.51
2015-07-15,12.8,12.92,11.91,11.91,389491.5,-1.32,-9.98,12.534,12.52,16.235,654724.14,547661.17,513934.04,3.73
2015-07-14,13.64,14.54,13.23,13.0,923538.0,-0.49,-3.57,12.214,12.989,16.827,620753.3,564619.61,531799.69,8.84
2015-07-13,12.73,13.72,13.72,12.73,755666.0,1.25,10.02,11.856,13.215,17.317,561287.02,512003.95,516907.01,7.23
2015-07-10,11.8,12.47,12.47,11.34,447061.09,1.13,9.96,11.552,13.564,17.677,500748.91,468447.7,503386.16,4.28
2015-07-09,9.93,11.34,11.34,9.28,757864.12,1.03,9.99,11.768,14.231,18.096,497624.2,464473.48,513608.66,7.25
2015-07-07,10.74,10.99,10.31,10.31,219637.31,-1.15,-10.04,12.506,15.205,18.524,440598.21,434015.38,506743.66,2.1
2015-07-06,13.42,13.42,11.44,10.98,626206.56,-0.76,-6.23,13.764,16.205,18.982,508485.91,452712.05,519100.88,5.99
2015-07-03,12.65,13.93,12.2,12.2,452975.47,-1.35,-9.96,14.574,17.135,19.403,462720.88,437773.22,514410.4,4.34
2015-07-02,15.49,15.6,13.55,13.55,431437.53,-1.5,-9.97,15.576,18.216,19.766,436146.49,461400.93,516588.23,4.13
2015-07-01,16.3,17.36,15.03,14.99,472734.16,-1.56,-9.4,16.694,19.266,20.081,431322.77,471152.06,530657.29,4.52
2015-06-30,15.3,16.85,16.6,13.94,559075.81,1.11,7.17,17.904,19.95,20.269,427432.54,480206.9,533347.48,5.35
2015-06-29,17.59,17.7,15.49,15.49,397381.44,-1.72,-9.99,18.646,20.665,20.337,396938.2,498979.78,528458.67,3.8
2015-06-26,18.2,18.29,17.21,17.21,320103.5,-1.91,-9.99,19.696,21.418,20.407,412825.55,521810.07,529627.79,3.06
2015-06-25,20.81,21.16,19.14,19.01,407318.94,-1.92,-9.12,20.856,21.79,20.399,486655.36,538324.62,542462.94,3.9
2015-06-24,20.58,21.45,21.08,20.3,453283.03,0.77,3.79,21.838,21.96,20.387,510981.35,562743.84,546236.52,4.34
2015-06-23,20.72,21.15,20.31,18.66,406604.09,-0.42,-2.03,21.996,21.842,20.297,532981.26,579471.95,558832.98,3.89
2015-06-19,21.9,22.39,20.74,20.72,476818.19,-2.28,-9.9,22.684,21.759,20.206,601021.35,585489.71,570963.74,4.56
2015-06-18,25.1,25.55,23.01,22.8,689252.56,-1.04,-4.32,23.14,21.67,20.061,630794.59,591047.59,575172.68,6.6
2015-06-17,21.62,24.05,24.05,21.39,528948.88,2.19,10.02,22.724,21.315,19.793,589993.88,571775.53,566115.15,5.06
2015-06-16,23.0,23.5,21.87,21.38,563282.56,-1.88,-7.92,22.082,20.895,19.452,614506.32,590162.52,566120.14,5.39
2015-06-15,23.5,24.85,23.75,22.5,746804.56,0.73,3.17,21.688,20.588,19.24,625962.64,586488.07,562145.27,7.15
2015-06-12,21.3,23.02,23.02,21.1,625684.38,2.09,9.99,20.834,20.009,18.9,569958.07,557937.56,542581.88,5.99
2015-06-11,20.59,21.34,20.93,20.52,485249.0,0.09,0.43,20.2,19.396,18.609,551300.6,537445.52,531506.83,4.64
2015-06-10,19.87,21.47,20.84,19.41,651511.12,0.94,4.72,19.906,19.008,18.427,553557.18,546601.26,532747.43,6.24
2015-06-09,19.41,20.22,19.9,19.16,620564.12,0.42,2.16,19.708,18.814,18.268,565818.72,529729.21,549354.89,5.94
2015-06-08,19.98,20.33,19.48,19.15,466781.75,-0.37,-1.86,19.488,18.752,18.12,547013.49,538194.02,564871.01,4.47
2015-06-05,19.68,19.97,19.85,18.71,532397.0,0.39,2.0,19.184,18.652,17.978,545917.04,556437.78,589222.23,5.1
2015-06-04,20.0,20.22,19.46,18.0,496531.91,-0.39,-1.97,18.592,18.452,17.779,523590.44,559297.78,606197.17,4.75
2015-06-03,19.0,20.23,19.85,18.6,712818.81,1.05,5.58,18.11,18.27,17.616,539645.33,560454.78,613250.12,6.82
2015-06-02,18.2,18.95,18.8,17.83,526538.0,0.84,4.68,17.92,18.009,17.361,493639.69,542077.75,600850.19,5.04
2015-06-01,17.05,18.0,17.96,16.91,461299.5,1.07,6.33,18.016,17.891,17.21,529374.54,537802.48,620792.63,4.41
2015-05-29,17.2,17.5,16.89,16.5,420763.97,-0.16,-0.94,18.12,17.791,17.122,566958.51,527226.19,632364.49,4.03
2015-05-28,18.8,19.32,17.05,17.01,576806.38,-1.85,-9.79,18.312,17.821,17.061,595005.11,525568.15,633491.34,5.52
2015-05-27,19.1,19.38,18.9,18.62,482790.62,-0.38,-1.97,18.43,17.845,17.016,581264.22,518893.61,631975.9,4.62
2015-05-26,18.55,19.5,19.28,18.07,705212.25,0.8,4.33,18.098,17.721,16.83,590515.81,568980.57,627554.73,6.75
2015-05-25,17.78,18.64,18.48,17.53,649219.31,0.63,3.53,17.766,17.488,16.656,546230.42,591548.0,627245.24,6.21
2015-05-22,17.7,18.11,17.85,17.3,560997.0,0.21,1.19,17.462,17.303,16.5,487493.88,622006.69,615241.46,5.37
2015-05-21,17.26,17.68,17.64,17.0,508101.94,0.4,2.32,17.33,17.105,16.4,456131.19,653096.56,620710.02,4.86
2015-05-20,17.62,18.28,17.24,17.08,529048.56,-0.38,-2.16,17.26,16.962,16.275,456522.99,666045.47,618181.35,5.06
2015-05-19,16.98,17.76,17.62,16.78,483785.28,0.66,3.89,17.344,16.712,16.148,547445.32,659622.63,606791.96,4.63
2015-05-18,16.9,17.48,16.96,16.82,355536.62,-0.23,-1.34,17.21,16.528,15.977,636865.58,703782.77,601760.65,3.4
2015-05-15,17.3,17.5,17.19,16.44,404183.53,-0.1,-0.58,17.144,16.452,15.853,756519.51,737502.78,600911.79,3.87
2015-05-14,17.49,17.87,17.29,17.15,510060.94,-0.37,-2.1,16.88,16.301,15.714,850061.94,741414.53,594081.4,4.88
2015-05-13,16.6,18.35,17.66,16.52,983660.25,0.71,4.19,16.664,16.187,15.559,875567.95,745058.19,583378.96,9.41
2015-05-12,16.72,17.26,16.95,16.13,930886.56,0.32,1.92,16.08,15.938,15.426,771799.94,686128.89,553768.94,8.91
2015-05-11,15.89,16.76,16.63,15.71,953806.25,0.76,4.79,15.846,15.823,15.346,770699.96,662942.48,528459.99,9.13
2015-05-08,15.45,16.33,15.87,15.21,871895.69,-0.34,-2.1,15.76,15.697,15.274,718486.05,608476.23,507038.63,8.34
2015-05-07,14.61,16.21,16.21,14.51,637591.0,1.47,9.97,15.722,15.695,15.226,632767.11,588323.48,495466.02,6.1
2015-05-06,15.31,15.77,14.74,14.58,464820.19,-1.04,-6.59,15.71,15.587,15.196,614548.44,570317.23,512354.57,4.45
2015-05-05,16.5,16.82,15.78,15.65,925386.69,-0.42,-2.59,15.796,15.584,15.198,600457.84,553961.29,509004.57,8.86
2015-05-04,16.0,16.22,16.2,15.39,692736.69,0.52,3.32,15.8,15.426,15.146,555185.0,499738.53,499898.79,6.63
2015-04-30,16.08,16.17,15.68,15.62,443301.0,-0.47,-2.91,15.634,15.254,15.049,498466.41,464320.8,484195.68,4.24
2015-04-29,15.2,16.24,16.15,15.11,546497.62,0.98,6.46,15.668,15.126,14.967,543879.84,446748.27,479882.24,5.23
2015-04-28,15.7,15.8,15.17,14.73,394367.19,-0.63,-3.99,15.464,14.93,14.848,526086.03,421699.72,467102.43,3.77
2015-04-27,15.55,16.16,15.8,15.1,699022.5,0.43,2.8,15.372,14.914,14.792,507464.74,421408.99,462794.6,6.69
2015-04-24,15.15,15.78,15.37,15.15,409143.72,-0.48,-3.03,15.052,14.869,14.696,444292.06,393977.49,440061.71,3.92
2015-04-23,15.39,16.19,15.85,15.1,670368.19,0.72,4.76,14.874,14.85,14.621,430175.19,405601.03,435007.68,6.42
2015-04-22,14.78,15.35,15.13,14.75,457528.53,0.42,2.85,14.584,14.757,14.517,349616.7,402608.57,417290.04,4.38
2015-04-21,14.23,14.75,14.71,14.23,301260.78,0.51,3.59,14.396,14.804,14.455,317313.41,454391.92,419634.35,2.88
2015-04-20,14.36,14.78,14.2,14.09,383159.06,-0.28,-1.93,14.456,14.812,14.437,335353.23,464047.85,437594.95,3.67
2015-04-17,14.48,14.77,14.48,14.3,338559.38,0.08,0.56,14.686,14.866,14.44,343662.93,500059.06,464364.77,3.24
2015-04-16,14.05,14.56,14.4,13.88,267575.75,0.21,1.48,14.826,14.843,14.396,381026.86,504070.56,464865.28,2.56
2015-04-15,15.0,15.01,14.19,14.17,296012.06,-0.82,-5.46,14.93,14.808,14.365,455600.44,513016.22,471836.91,2.83
2015-04-14,15.28,15.28,15.01,14.81,391459.88,-0.34,-2.21,15.212,14.766,14.33,591470.42,512505.15,479012.5,3.75
2015-04-13,15.0,15.49,15.35,14.77,424707.56,0.17,1.12,15.168,14.669,14.254,592742.47,504180.22,485015.01,4.06
2015-04-10,15.01,15.78,15.18,15.01,525379.06,0.26,1.74,15.046,14.523,14.137,656455.18,486145.93,482391.58,5.03
2015-04-09,15.64,15.79,14.92,14.18,640443.62,-0.68,-4.36,14.86,14.391,14.011,627114.26,464414.33,473263.58,6.13
2015-04-08,15.35,16.27,15.6,15.1,975362.0,0.81,5.48,14.686,14.276,13.886,570432.0,431971.5,452216.33,9.33
2015-04-07,14.7,14.95,14.79,14.51,397820.12,0.05,0.34,14.32,14.106,13.726,433539.87,384876.78,417542.2,3.81
2015-04-03,14.23,15.18,14.74,13.98,743271.12,0.49,3.44,14.17,14.061,13.605,415617.97,411142.05,406244.09,7.11
2015-04-02,14.1,14.3,14.25,13.96,378674.44,0.2,1.42,14.0,14.013,13.472,315836.68,428670.49,379401.01,3.62
2015-04-01,13.76,14.13,14.05,13.64,357032.31,0.28,2.03,13.922,13.948,13.381,301714.39,425659.99,375022.05,3.42
2015-03-31,14.08,14.18,13.77,13.71,290901.38,-0.27,-1.92,13.866,13.922,13.31,293511.01,430657.61,380265.02,2.78
2015-03-30,13.88,14.25,14.04,13.75,308210.59,0.15,1.08,13.892,13.894,13.222,336213.68,445519.85,377565.22,2.95
2015-03-27,13.86,13.97,13.89,13.61,244364.66,0.03,0.22,13.952,13.839,13.14,406666.13,465849.79,376224.93,2.34
2015-03-26,13.75,13.99,13.86,13.53,308063.03,0.09,0.65,14.026,13.75,13.061,541504.3,478637.23,376482.96,2.95
2015-03-25,13.88,13.95,13.77,13.56,316015.38,-0.13,-0.94,13.974,13.631,12.975,549605.59,482112.84,369196.25,3.02
2015-03-24,14.23,14.23,13.9,13.6,504414.72,-0.44,-3.07,13.978,13.496,12.886,567804.21,472461.15,362702.73,4.83
2015-03-23,14.05,14.38,14.34,13.81,660472.88,0.08,0.56,13.896,13.345,12.804,554826.03,450207.62,350973.57,6.32
2015-03-20,14.0,14.96,14.26,13.9,918555.5,0.66,4.85,13.726,13.149,12.72,525033.46,401346.13,344774.86,8.79
2015-03-19,13.7,13.75,13.6,13.44,348569.47,-0.19,-1.38,13.474,12.93,12.601,415770.16,330131.52,319676.9,3.34
2015-03-18,13.4,13.85,13.79,13.35,407008.5,0.3,2.22,13.288,12.813,12.505,414620.09,324384.11,315528.99,3.9
2015-03-17,13.58,13.65,13.49,13.24,439523.81,0.0,0.0,13.014,12.698,12.371,377118.09,329872.42,299548.97,4.21
2015-03-16,13.17,13.58,13.49,13.07,511510.0,0.49,3.77,12.794,12.549,12.252,345589.22,309610.59,281996.9,4.9
2015-03-13,12.65,13.08,13.0,12.5,372239.03,0.33,2.6,12.572,12.441,12.124,277658.81,286600.06,263101.97,3.56
2015-03-12,12.42,12.83,12.67,12.4,342819.12,0.25,2.01,12.386,12.372,12.042,244492.88,274328.7,252658.53,3.28
2015-03-11,12.41,12.53,12.42,12.18,219498.47,0.03,0.24,12.338,12.319,11.99,234148.13,256279.66,250826.8,2.1
2015-03-10,12.34,12.67,12.39,12.25,281879.47,0.01,0.08,12.382,12.276,11.943,282626.75,252944.31,245916.29,2.7
2015-03-09,12.01,12.4,12.38,12.0,171857.94,0.31,2.57,12.304,12.263,11.907,273631.97,251739.52,238472.86,1.64
2015-03-06,12.47,12.57,12.07,11.99,206409.41,-0.36,-2.9,12.31,12.291,11.861,295541.31,288203.58,234462.75,1.98
2015-03-05,12.56,12.78,12.43,12.28,291095.38,-0.21,-1.66,12.358,12.271,11.832,304164.51,309222.28,231323.49,2.79
2015-03-04,12.03,12.8,12.64,11.93,461891.56,0.64,5.33,12.3,12.197,11.789,278411.19,306673.88,224590.75,4.42
2015-03-03,12.37,12.38,12.0,11.99,236905.55,-0.41,-3.3,12.17,12.044,11.751,223261.86,269225.52,222040.68,2.27
2015-03-02,12.36,12.51,12.41,12.11,281404.66,0.1,0.81,12.222,11.955,11.73,229847.07,254383.21,218474.22,2.69
2015-02-27,12.1,12.48,12.31,12.0,249525.41,0.17,1.4,12.272,11.806,11.695,280865.85,239603.89,216276.25,2.39
2015-02-26,11.93,12.22,12.14,11.93,162328.75,0.15,1.25,12.184,11.711,11.649,314280.05,230988.37,212323.9,1.55
2015-02-25,12.29,12.3,11.99,11.9,186144.95,-0.27,-2.2,12.094,11.661,11.62,334936.56,245373.94,214207.71,1.78
2015-02-17,12.6,12.6,12.26,12.25,269831.59,-0.4,-3.16,11.918,11.609,11.595,315189.18,238888.26,218024.09,2.58
2015-02-16,12.05,12.69,12.66,11.95,536498.56,0.79,6.66,11.688,11.551,11.546,278919.35,225206.19,213266.79,5.13
2015-02-13,11.71,12.16,11.87,11.62,416596.38,0.18,1.54,11.34,11.43,11.457,198341.93,180721.91,196530.7,3.99
2015-02-12,11.12,11.8,11.69,11.11,265611.34,0.58,5.22,11.238,11.393,11.423,147696.69,153424.7,186528.89,2.54
2015-02-11,11.11,11.24,11.11,11.04,87408.03,0.0,0.0,11.228,11.381,11.384,155811.31,142507.62,176440.42,0.84
2015-02-10,10.9,11.12,11.11,10.83,88482.45,0.19,1.74,11.3,11.457,11.374,162587.35,174855.84,177327.83,0.85
2015-02-09,11.3,11.39,10.92,10.89,133611.44,-0.44,-3.87,11.414,11.505,11.373,171493.03,182565.23,181486.4,1.28
2015-02-06,11.59,11.7,11.36,11.3,163370.2,-0.28,-2.4,11.52,11.584,11.361,163101.9,192948.62,180053.58,1.56
2015-02-05,11.53,11.95,11.64,11.48,306184.41,0.17,1.48,11.548,11.586,11.347,159152.7,193659.43,177304.2,2.93
2015-02-04,11.67,11.75,11.47,11.45,121288.23,-0.21,-1.8,11.534,11.579,11.322,129203.93,183041.48,167302.4,1.16
2015-02-03,11.43,11.8,11.68,11.42,133010.86,0.23,2.01,11.614,11.581,11.304,187124.34,197159.91,168045.58,1.27
2015-02-02,11.31,11.58,11.45,11.21,91655.79,-0.05,-0.43,11.596,11.54,11.28,193637.43,201327.4,170507.79,0.88
2015-01-30,11.6,11.77,11.5,11.48,143624.23,-0.07,-0.6,11.648,11.483,11.248,222795.34,212339.49,172581.34,1.37
2015-01-29,11.7,11.77,11.57,11.5,156440.52,-0.3,-2.53,11.624,11.452,11.208,228166.15,219633.09,171452.86,1.5
2015-01-28,11.61,12.17,11.87,11.51,410890.31,0.28,2.42,11.624,11.386,11.162,236879.04,210373.23,172597.51,3.93
2015-01-27,11.76,11.8,11.59,11.43,165576.3,-0.12,-1.02,11.548,11.291,11.129,207195.48,179799.82,160612.72,1.58
2015-01-26,11.39,11.77,11.71,11.37,237445.34,0.33,2.9,11.484,11.24,11.116,209017.36,180407.56,160792.21,2.27
2015-01-23,11.6,11.62,11.38,11.33,170478.3,-0.19,-1.64,11.318,11.138,11.092,201883.64,167158.55,154650.01,1.63
2015-01-22,11.49,11.68,11.57,11.43,200004.95,0.08,0.7,11.28,11.108,11.086,211100.02,160948.96,153496.62,1.91
2015-01-21,11.27,11.6,11.49,11.23,262472.53,0.22,1.95,11.148,11.064,11.059,183867.41,151563.33,150419.18,2.51
2015-01-20,10.92,11.35,11.27,10.86,174685.7,0.39,3.58,11.034,11.027,11.039,152404.16,138931.25,150907.03,1.67
2015-01-19,11.04,11.44,10.88,10.66,201776.73,-0.31,-2.77,10.996,11.02,11.056,151797.76,139688.19,155569.49,1.93
2015-01-16,10.93,11.31,11.19,10.75,216560.2,0.28,2.57,10.958,11.013,11.112,132433.45,132823.18,154454.65,2.07
2015-01-15,10.92,10.98,10.91,10.8,63841.91,-0.01,-0.09,10.936,10.964,11.155,110797.9,123272.62,158415.58,0.61
2015-01-14,11.04,11.08,10.92,10.8,105156.24,-0.16,-1.44,10.98,10.938,11.231,119259.24,134821.8,168557.73,1.01
2015-01-13,10.58,11.2,11.08,10.57,171653.73,0.39,3.65,11.02,10.966,11.31,125458.35,141425.63,176582.94,1.64
2015-01-12,11.08,11.09,10.69,10.57,104955.18,-0.39,-3.52,11.044,10.991,11.375,127578.62,141176.86,183698.11,1.0
2015-01-09,11.12,11.25,11.08,11.05,108382.44,-0.05,-0.45,11.068,11.046,11.466,133212.91,142141.47,203922.37,1.04
2015-01-08,11.13,11.26,11.13,11.03,106148.6,0.01,0.09,10.992,11.064,11.557,135747.34,146044.28,235547.9,1.02
2015-01-07,11.2,11.32,11.12,11.06,136151.8,-0.08,-0.71,10.896,11.054,11.601,150384.36,149275.04,263616.1,1.3
2015-01-06,10.77,11.27,11.2,10.62,182255.06,0.39,3.61,10.912,11.051,11.637,157392.91,162882.81,275254.02,1.74
2015-01-05,10.7,10.86,10.81,10.52,133126.64,0.11,1.03,10.938,11.091,11.671,154775.11,171450.79,294250.36,1.27
2014-12-31,10.61,10.81,10.7,10.5,121054.62,0.05,0.47,11.024,11.211,11.77,151070.03,176086.12,309494.41,1.16
2014-12-30,11.09,11.29,10.65,10.55,179333.69,-0.55,-4.91,11.136,11.345,11.881,156341.21,193558.54,331856.16,1.72
2014-12-29,11.37,11.53,11.2,11.07,171194.52,-0.13,-1.15,11.212,11.524,11.976,148165.71,202293.66,338043.02,1.64
2014-12-26,11.25,11.43,11.33,11.12,169166.09,0.09,0.8,11.19,11.653,12.04,168372.71,211740.26,344228.87,1.62
2014-12-25,11.26,11.31,11.24,11.08,114601.21,-0.02,-0.18,11.244,11.759,12.096,188126.47,226219.36,361004.61,1.1
2014-12-24,11.06,11.35,11.26,10.98,147410.52,0.23,2.08,11.398,11.886,12.181,201102.22,265703.27,378525.49,1.41
2014-12-23,10.9,11.39,11.03,10.88,138456.22,-0.06,-0.54,11.554,12.049,12.263,230775.88,325051.53,401027.3,1.33
2014-12-22,11.5,11.66,11.09,10.82,272229.5,-0.51,-4.4,11.836,12.147,12.379,256421.61,377957.15,417986.84,2.61
2014-12-19,11.93,11.99,11.6,11.5,267934.88,-0.41,-3.41,12.116,12.222,12.501,255107.81,387625.23,439857.91,2.56
2014-12-18,12.05,12.26,12.01,11.98,179479.97,-0.03,-0.25,12.274,12.251,12.602,264312.26,417049.94,469915.01,1.72
2014-12-17,12.38,12.38,12.04,11.9,295778.84,-0.4,-3.21,12.374,12.328,12.628,330304.32,442902.69,490609.24,2.83
2014-12-16,12.58,12.64,12.44,12.25,266684.88,-0.05,-0.4,12.544,12.416,12.648,419327.18,470153.78,500947.05,2.55
2014-12-15,12.31,12.58,12.49,12.08,265660.5,0.1,0.81,12.458,12.428,12.647,499492.69,473792.38,519539.33,2.54
2014-12-12,12.36,12.61,12.39,12.28,313957.09,-0.12,-0.96,12.328,12.427,12.632,520142.64,476717.48,552147.09,3.0
2014-12-11,12.8,13.08,12.51,12.38,509440.31,-0.38,-2.95,12.228,12.432,12.581,569787.62,495789.86,545931.66,4.88
2014-12-10,12.11,12.93,12.89,12.11,740893.12,0.88,7.33,12.282,12.476,12.529,555501.06,491347.7,532760.79,7.09
2014-12-09,11.66,12.51,12.01,11.55,667512.44,0.17,1.44,12.288,12.477,12.473,520980.37,477003.08,515406.45,6.39
2014-12-08,11.61,12.24,11.84,11.55,368910.25,-0.05,-0.42,12.398,12.61,12.438,448092.08,458016.52,499556.62,3.53
2014-12-05,12.71,12.71,11.89,11.53,562182.0,-0.89,-6.96,12.526,12.78,12.44,433292.31,492090.6,504324.39,5.38
2014-12-04,12.95,12.99,12.78,12.68,438007.47,-0.14,-1.08,12.636,12.952,12.418,421792.09,522780.07,499410.35,4.19
2014-12-03,12.74,13.06,12.92,12.49,568289.69,0.36,2.87,12.67,12.928,12.356,427194.35,538315.8,494626.62,5.44
2014-12-02,12.41,12.67,12.56,12.32,303070.97,0.08,0.64,12.666,12.88,12.243,433025.78,531740.33,471558.93,2.9
2014-12-01,12.5,12.78,12.48,12.3,294911.41,0.04,0.32,12.822,12.866,12.155,467940.97,565286.27,462358.61,2.82
2014-11-28,12.86,12.91,12.44,12.41,504680.91,-0.51,-3.94,13.034,12.836,12.078,550888.9,627576.7,453851.28,4.83
2014-11-27,12.86,13.13,12.95,12.67,465018.75,0.05,0.39,13.268,12.73,12.0,623768.05,596073.47,438032.67,4.45
2014-11-26,13.25,13.25,12.9,12.68,597446.88,-0.44,-3.3,13.186,12.581,11.899,649437.25,574173.89,422871.76,5.72
2014-11-25,13.39,13.55,13.34,13.15,477646.88,-0.2,-1.48,13.094,12.468,11.81,630454.88,553809.82,405906.05,4.57
2014-11-24,13.65,13.65,13.54,13.0,709651.06,-0.07,-0.51,12.91,12.266,11.692,662631.57,541096.72,389435.41,6.79
2014-11-21,12.61,13.74,13.61,12.38,869076.69,1.07,8.53,12.638,12.099,11.551,704264.51,516558.17,358955.97,8.32
2014-11-20,12.3,12.65,12.54,12.07,593364.75,0.1,0.8,12.192,11.884,11.404,568378.89,476040.64,324441.84,5.68
2014-11-19,12.6,12.78,12.44,12.25,502535.03,0.02,0.16,11.976,11.784,11.299,498910.52,450937.44,305742.8,4.81
2014-11-18,12.05,12.63,12.42,11.98,638530.31,0.24,1.97,11.842,11.605,11.217,477164.76,411377.54,290942.89,6.11
2014-11-17,11.48,12.52,12.18,11.1,917815.75,0.8,7.03,11.622,11.443,11.164,419561.88,359430.96,270185.26,8.78
2014-11-14,11.48,11.6,11.38,11.15,189648.59,-0.08,-0.7,11.56,11.319,11.125,328851.84,280125.87,236308.28,1.82
2014-11-13,11.71,11.92,11.46,11.4,246022.92,-0.31,-2.63,11.576,11.27,11.122,383702.39,279991.88,241652.23,2.35
2014-11-12,11.23,12.02,11.77,11.2,393806.22,0.45,3.98,11.592,11.217,11.134,402964.36,271569.62,260874.47,3.77
2014-11-11,11.85,11.85,11.32,11.11,350515.91,-0.55,-4.63,11.368,11.152,11.13,345590.32,258002.28,258003.76,3.35
2014-11-10,11.36,11.96,11.87,11.36,464265.56,0.41,3.58,11.264,11.117,11.132,299300.04,237774.1,255348.44,4.44
2014-11-07,11.3,11.74,11.46,11.3,463901.34,-0.08,-0.69,11.078,11.002,11.124,231399.89,201353.77,256260.2,4.44
2014-11-06,10.65,11.59,11.54,10.6,342332.78,0.89,8.36,10.964,10.923,11.116,176281.37,172843.05,246763.37,3.28
2014-11-05,10.79,10.79,10.65,10.62,106935.99,-0.15,-1.39,10.842,10.813,11.103,140174.89,160548.16,240031.72,1.02
2014-11-04,10.97,11.03,10.8,10.76,119064.55,-0.14,-1.28,10.936,10.829,11.135,170414.23,170508.25,244597.59,1.14
2014-11-03,10.86,11.02,10.94,10.83,124764.79,0.05,0.46,10.97,10.885,11.164,176248.15,180939.56,251762.08,1.19
2014-10-31,10.88,10.97,10.89,10.68,188308.72,-0.04,-0.37,10.926,10.93,11.18,171307.64,192490.7,256787.37,1.8
2014-10-30,11.15,11.15,10.93,10.88,161800.38,-0.19,-1.71,10.882,10.973,11.194,169404.74,203312.58,260682.43,1.55
2014-10-29,11.04,11.25,11.12,10.83,258132.73,0.15,1.37,10.784,11.05,11.205,180921.43,250179.32,275166.41,2.47
2014-10-28,10.75,11.02,10.97,10.72,148234.12,0.25,2.33,10.722,11.107,11.195,170602.27,258005.24,274162.78,1.42
2014-10-27,10.57,10.75,10.72,10.49,100062.26,0.05,0.47,10.8,11.146,11.181,185630.96,272922.79,275169.57,0.96
2014-10-24,10.44,10.9,10.67,10.44,178794.2,0.23,2.2,10.934,11.245,11.166,213673.75,311166.64,278001.46,1.71
2014-10-23,10.85,10.85,10.44,10.41,219383.83,-0.37,-3.42,11.064,11.308,11.173,237220.43,320683.68,277434.08,2.1
2014-10-22,11.31,11.36,10.81,10.78,206536.94,-0.55,-4.84,11.316,11.392,11.184,319437.2,319515.28,272909.21,1.98
2014-10-21,11.26,11.49,11.36,11.17,223377.59,-0.03,-0.26,11.492,11.441,11.173,345408.21,318686.92,274266.11,2.14
2014-10-20,11.32,11.48,11.39,11.17,240276.2,0.07,0.62,11.492,11.443,11.138,360214.62,322584.6,285330.42,2.3
2014-10-17,11.46,11.57,11.32,11.12,296527.59,-0.38,-3.25,11.556,11.429,11.142,408659.52,321084.05,292265.39,2.84
2014-10-16,11.7,12.2,11.7,11.57,630467.69,0.01,0.09,11.552,11.414,11.143,404146.93,318052.28,290677.95,6.03
2014-10-15,11.36,11.7,11.69,11.15,336391.97,0.33,2.9,11.468,11.36,11.13,319593.36,300153.5,288252.66,3.22
2014-10-14,11.7,11.7,11.36,11.24,297409.66,-0.35,-2.99,11.39,11.283,11.114,291965.63,290320.32,288477.95,2.85
2014-10-13,11.41,11.74,11.71,11.36,482500.69,0.41,3.63,11.394,11.215,11.119,284954.58,277416.34,293287.94,4.62
2014-10-10,11.37,11.47,11.3,11.23,273964.62,0.02,0.18,11.302,11.087,11.093,233508.57,244836.29,288592.56,2.62
2014-10-09,11.3,11.39,11.28,11.13,207699.86,-0.02,-0.18,11.276,11.037,11.096,231957.62,234184.48,304366.17,1.99
2014-10-08,11.45,11.49,11.3,11.14,198253.31,-0.08,-0.7,11.252,10.975,11.115,280713.64,226303.13,337242.8,1.9
2014-09-30,11.31,11.45,11.38,11.26,262354.41,0.13,1.16,11.176,10.904,11.116,288675.02,229845.31,356335.99,2.51
2014-09-29,11.18,11.39,11.25,11.11,225270.66,0.08,0.72,11.036,10.833,11.108,269878.1,248076.25,371739.69,2.16
2014-09-26,11.15,11.35,11.17,10.92,266209.88,0.01,0.09,10.872,10.855,11.1,256164.01,263446.72,387294.88,2.55
2014-09-25,11.47,11.75,11.16,11.04,451479.94,0.24,2.2,10.798,10.872,11.103,236411.34,263303.62,409975.03,4.32
2014-09-24,10.59,10.99,10.92,10.58,238060.2,0.24,2.25,10.698,10.9,11.118,171892.62,276351.82,427661.52,2.28
2014-09-23,10.47,10.83,10.68,10.47,168369.8,0.25,2.4,10.632,10.945,11.168,171015.6,286635.57,469363.97,1.61
2014-09-22,10.7,10.77,10.43,10.4,156700.23,-0.37,-3.43,10.63,11.022,11.252,226274.4,309159.55,533584.86,1.5
2014-09-19,10.7,10.85,10.8,10.58,167446.52,0.14,1.31,10.838,11.098,11.329,270729.44,332348.82,565090.61,1.6
2014-09-18,10.59,10.69,10.66,10.42,128886.37,0.07,0.66,10.946,11.155,11.333,290195.9,374547.86,596107.09,1.23
2014-09-17,10.71,10.79,10.59,10.4,233675.06,-0.08,-0.75,11.102,11.255,11.294,380811.02,448182.48,625088.02,2.24
2014-09-16,11.5,11.53,10.67,10.6,444663.84,-0.8,-6.97,11.258,11.327,11.266,402255.54,482826.68,651436.5,4.26
2014-09-15,11.41,11.67,11.47,11.28,378975.41,0.13,1.15,11.414,11.383,11.188,392044.69,495403.12,642686.13,3.63
2014-09-12,11.29,11.4,11.34,11.21,264778.84,-0.1,-0.87,11.358,11.345,11.054,393968.2,511143.03,630849.0,2.53
2014-09-11,11.31,11.98,11.44,11.2,581961.94,0.07,0.62,11.364,11.334,10.926,458899.81,556646.44,630927.89,5.57
2014-09-10,11.32,11.62,11.37,11.26,340897.69,-0.08,-0.7,11.408,11.335,10.806,515553.93,578971.23,626511.38,3.26
2014-09-09,11.16,11.46,11.45,10.95,393609.56,0.26,2.32,11.396,11.391,10.659,563397.81,652092.37,616282.84,3.77
2014-09-05,11.33,11.53,11.19,11.08,388592.97,-0.18,-1.58,11.352,11.481,10.506,598761.56,758010.18,603513.13,3.72
2014-09-04,11.55,11.58,11.37,11.2,589436.88,-0.29,-2.49,11.332,11.559,10.359,628317.86,797832.39,588375.24,5.64
2014-09-03,11.4,12.0,11.66,11.22,865232.56,0.35,3.1,11.304,11.51,10.205,654393.07,817666.32,565764.54,8.28
2014-09-02,11.2,11.43,11.31,11.01,580117.06,0.08,0.71,11.262,11.333,10.037,642388.52,801993.57,528356.87,5.55
2014-09-01,11.0,11.57,11.23,10.93,570428.31,0.14,1.26,11.386,11.204,9.89,740786.94,820046.32,507771.07,5.46
2014-08-29,11.13,11.2,11.09,10.66,536374.5,-0.14,-1.25,11.61,10.992,9.742,917258.8,789969.15,484630.68,5.13
2014-08-28,11.58,11.77,11.23,11.2,719812.94,-0.22,-1.92,11.786,10.763,9.596,967346.92,750554.98,463432.15,6.89
2014-08-27,11.88,12.06,11.45,11.28,805209.81,-0.46,-3.86,11.716,10.517,9.454,980939.56,705209.33,438349.81,7.71
2014-08-26,12.1,12.16,11.93,11.52,1072109.12,-0.42,-3.4,11.404,10.277,9.289,961598.61,674051.54,402149.86,10.26
2014-08-25,12.4,12.67,12.35,12.0,1452787.62,0.38,3.17,11.022,9.926,9.102,899305.7,580473.3,355846.66,13.9
2014-08-22,11.97,11.97,11.97,11.61,786815.12,1.09,10.02,10.374,9.531,8.893,662679.5,449016.07,290387.37,7.53
2014-08-21,9.93,10.88,10.88,9.6,787776.12,0.99,10.01,9.74,9.158,8.69,533763.03,378918.09,254088.88,7.54
2014-08-20,10.05,10.5,9.89,9.86,708505.06,-0.13,-1.3,9.318,8.899,8.54,429479.11,313862.76,218509.41,6.78
2014-08-19,10.02,10.02,10.02,9.8,760644.56,0.91,9.99,9.15,8.74,8.436,386504.47,254720.17,187738.09,7.28
2014-08-18,8.9,9.21,9.11,8.89,269656.62,0.31,3.52,8.83,8.576,8.336,261640.91,195495.83,153598.64,2.58
2014-08-15,8.79,8.89,8.8,8.72,142232.81,0.03,0.34,8.688,8.491,8.279,235352.65,179292.21,144153.71,1.36
2014-08-14,8.9,8.93,8.77,8.73,266356.5,-0.28,-3.09,8.576,8.429,8.244,224073.15,176309.31,140294.41,2.55
2014-08-13,8.43,9.25,9.05,8.38,493631.88,0.63,7.48,8.48,8.39,8.21,198246.4,171490.28,131262.49,4.72
2014-08-12,8.38,8.44,8.42,8.33,136326.72,0.02,0.24,8.33,8.301,8.172,122935.87,130248.19,114948.83,1.3
2014-08-11,8.24,8.42,8.4,8.24,138215.34,0.16,1.94,8.322,8.278,8.161,129350.75,131220.02,115389.02,1.32
2014-08-08,8.27,8.33,8.24,8.2,85835.33,-0.05,-0.6,8.294,8.255,8.152,123231.78,131758.66,122847.68,0.82
2014-08-07,8.3,8.45,8.29,8.28,137222.75,-0.01,-0.12,8.282,8.221,8.156,128545.47,129259.66,129040.28,1.31
2014-08-06,8.36,8.36,8.3,8.2,117079.21,-0.08,-0.95,8.3,8.181,8.119,144734.16,123156.07,124867.72,1.12
2014-08-05,8.26,8.42,8.38,8.18,168401.14,0.12,1.45,8.272,8.132,8.079,137560.5,120756.01,125378.75,1.61
2014-08-04,8.2,8.29,8.26,8.18,107620.46,0.08,0.98,8.234,8.095,8.051,133089.29,111701.46,123313.61,1.03
2014-08-01,8.26,8.37,8.18,8.15,112403.81,-0.2,-2.39,8.216,8.066,8.038,140285.55,109015.2,123717.99,1.08
2014-07-31,8.17,8.48,8.38,8.15,218166.17,0.22,2.7,8.16,8.058,8.025,129973.85,104279.5,122374.29,2.09
2014-07-30,8.13,8.23,8.16,8.11,81210.94,-0.03,-0.37,8.062,8.03,8.004,101577.98,91034.71,116577.33,0.78
2014-07-29,8.18,8.3,8.19,8.1,146045.08,0.02,0.24,7.992,8.042,7.99,103951.52,99649.47,116701.78,1.4
2014-07-28,7.9,8.23,8.17,7.9,143601.73,0.27,3.42,7.956,8.044,7.971,90313.63,99558.01,113025.07,1.37
2014-07-25,7.89,7.91,7.9,7.81,60845.35,0.01,0.13,7.916,8.049,7.949,77744.85,113936.69,108886.11,0.58
2014-07-24,7.82,7.9,7.89,7.68,76186.79,0.08,1.02,7.956,8.09,7.942,78585.14,128820.89,108061.64,0.73
2014-07-23,8.01,8.04,7.81,7.75,93078.63,-0.2,-2.5,7.998,8.056,7.929,80491.44,126579.37,106286.9,0.89
2014-07-22,7.97,8.05,8.01,7.91,77855.63,0.04,0.5,8.092,8.025,7.925,95347.43,130001.49,104097.32,0.75
2014-07-21,8.08,8.11,7.97,7.82,80757.87,-0.13,-1.6,8.132,8.006,7.91,108802.4,134925.75,102233.79,0.77
2014-07-18,8.07,8.14,8.1,8.02,65046.79,0.0,0.0,8.182,8.01,7.892,150128.53,138420.78,100484.25,0.62
2014-07-17,8.21,8.24,8.1,8.05,85718.26,-0.18,-2.17,8.224,7.991,7.864,179056.65,140469.08,101804.01,0.82
2014-07-16,8.23,8.44,8.28,8.12,167358.59,0.07,0.85,8.114,7.978,7.852,172667.3,142119.95,100850.95,1.6
2014-07-15,8.18,8.33,8.21,8.05,145130.47,-0.01,-0.12,7.958,7.937,7.842,164655.55,133754.09,96728.38,1.39
2014-07-14,8.54,8.54,8.22,8.11,287388.56,-0.09,-1.08,7.88,7.897,7.843,161049.11,126492.13,92956.2,2.75
2014-07-11,7.72,8.31,8.31,7.72,209687.36,0.76,10.07,7.838,7.849,7.845,126713.04,103835.52,85018.0,2.01
2014-07-10,7.53,7.58,7.55,7.51,53771.52,0.05,0.67,7.758,7.793,7.835,101881.51,87302.38,78223.57,0.51
2014-07-09,7.77,7.78,7.5,7.49,127299.84,-0.32,-4.09,7.842,7.802,7.867,111572.61,85994.43,80420.24,1.22
2014-07-08,7.87,7.89,7.82,7.61,127098.28,-0.19,-2.37,7.916,7.825,7.896,102852.62,78193.14,77418.97,1.22
2014-07-04,7.95,8.06,8.01,7.92,115708.18,0.1,1.26,7.914,7.814,7.907,91935.15,69541.82,73502.96,1.11
2014-07-03,7.97,8.0,7.91,7.88,85529.75,-0.06,-0.75,7.86,7.773,7.912,80958.01,62547.71,70407.91,0.82
2014-07-02,7.87,7.98,7.97,7.79,102226.99,0.1,1.27,7.828,7.737,7.929,72723.24,63138.94,70884.78,0.98
2014-07-01,7.8,7.89,7.87,7.73,83699.92,0.06,0.77,7.762,7.726,7.932,60416.26,59581.95,69099.71,0.8
2014-06-30,7.79,7.82,7.81,7.71,72510.92,0.07,0.9,7.734,7.746,7.949,53533.66,59702.68,69423.16,0.69
2014-06-27,7.74,7.79,7.74,7.71,60822.48,-0.01,-0.13,7.714,7.789,7.966,47148.49,59420.27,69082.75,0.58
2014-06-26,7.62,7.76,7.75,7.61,44355.88,0.11,1.44,7.686,7.841,7.986,44137.41,66200.48,73128.78,0.42
2014-06-25,7.74,7.74,7.64,7.61,40692.09,-0.09,-1.16,7.646,7.876,8.002,53554.64,69144.76,73584.09,0.39
2014-06-24,7.72,7.84,7.73,7.7,49286.93,0.02,0.26,7.69,7.931,8.02,58747.64,74846.05,74302.66,0.47
2014-06-23,7.61,7.75,7.71,7.61,40585.07,0.11,1.45,7.758,7.966,8.04,65871.69,76644.81,76217.93,0.39
2014-06-20,7.56,7.62,7.6,7.53,45767.09,0.05,0.66,7.864,8.0,8.053,71692.05,77464.1,76780.28,0.44
2014-06-19,7.86,7.98,7.55,7.49,91442.0,-0.31,-3.94,7.996,8.05,8.069,88263.55,78268.12,76568.41,0.88
2014-06-18,8.05,8.1,7.86,7.85,66657.09,-0.21,-2.6,8.106,8.12,8.09,84734.87,78630.62,73571.11,0.64
2014-06-17,8.24,8.24,8.07,8.05,84907.21,-0.17,-2.06,8.172,8.138,8.091,90944.47,78617.48,72357.83,0.81
2014-06-16,8.28,8.3,8.24,8.18,69686.84,-0.02,-0.24,8.174,8.152,8.081,87417.92,79143.64,69868.2,0.67
2014-06-13,8.1,8.28,8.26,8.04,128624.61,0.16,1.98,8.136,8.142,8.064,83236.16,78745.24,68145.99,1.23
2014-06-12,8.16,8.2,8.1,8.07,73798.62,-0.09,-1.1,8.104,8.131,8.043,68272.69,80057.07,63956.88,0.71
2014-06-11,8.07,8.24,8.19,8.03,97705.06,0.11,1.36,8.134,8.128,8.04,72526.36,78023.42,61955.0,0.94
2014-06-10,8.06,8.12,8.08,8.0,67274.48,0.03,0.37,8.104,8.109,8.034,66290.48,73759.26,59990.88,0.64
2014-06-09,8.12,8.2,8.05,8.03,48778.01,-0.05,-0.62,8.13,8.113,8.038,70869.35,75791.06,60612.1,0.47
2014-06-06,8.2,8.25,8.1,8.05,53807.26,-0.15,-1.82,8.148,8.105,8.031,74254.32,76096.46,61068.42,0.51
2014-06-05,8.05,8.27,8.25,7.99,95067.01,0.21,2.61,8.158,8.088,8.02,91841.46,74868.69,60739.67,0.91
2014-06-04,8.2,8.25,8.04,7.96,66525.66,-0.17,-2.07,8.122,8.059,7.998,83520.48,68511.6,58339.18,0.64
2014-06-03,8.12,8.3,8.21,8.08,90168.83,0.07,0.86,8.114,8.044,8.002,81228.04,66098.18,57604.12,0.86
2014-05-30,8.14,8.25,8.14,8.12,65702.83,-0.01,-0.12,8.096,8.01,7.996,80712.76,60592.76,55878.09,0.63
2014-05-29,8.12,8.34,8.15,8.11,141742.97,0.08,0.99,8.062,7.985,7.99,77938.6,57546.74,56994.66,1.36
2014-05-28,8.05,8.08,8.07,7.94,53462.1,0.07,0.88,8.018,7.955,7.977,57895.93,47856.69,54987.41,0.51
2014-05-27,8.11,8.11,8.0,7.98,55063.45,-0.12,-1.48,7.996,7.952,7.951,53502.73,45886.59,55734.36,0.53
2014-05-26,7.99,8.13,8.12,7.92,87592.45,0.15,1.88,7.974,7.958,7.937,50968.33,46222.5,59917.71,0.84
2014-05-23,7.92,7.97,7.97,7.87,51832.04,0.04,0.5,7.924,7.963,7.938,40472.77,45433.15,60120.86,0.5
2014-05-22,7.96,8.06,7.93,7.88,41529.59,-0.03,-0.38,7.908,7.957,7.963,37154.87,46040.37,60619.07,0.4
2014-05-21,7.87,7.97,7.96,7.75,31496.1,0.07,0.89,7.892,7.951,8.0,37817.45,46610.64,61596.25,0.3
2014-05-20,7.95,8.09,7.89,7.88,42391.47,0.02,0.25,7.908,7.937,8.034,38270.45,48166.76,65438.27,0.41
2014-05-19,7.86,7.92,7.87,7.75,35114.64,-0.02,-0.25,7.942,7.959,8.082,41476.67,49110.05,66174.79,0.34
2014-05-16,7.84,7.9,7.89,7.76,35242.55,0.04,0.51,8.002,7.981,8.131,50393.53,51163.42,69356.72,0.34
2014-05-15,8.04,8.12,7.85,7.8,44842.5,-0.19,-2.36,8.006,7.995,8.181,54925.88,56442.58,72152.9,0.43
2014-05-14,8.04,8.15,8.04,8.03,33761.1,-0.02,-0.25,8.01,7.998,8.235,55403.82,62118.13,73976.1,0.32
2014-05-13,8.16,8.24,8.06,8.03,58422.56,-0.11,-1.35,7.966,7.95,8.29,58063.06,65582.14,75427.17,0.56
2014-05-12,8.01,8.19,8.17,8.01,79698.93,0.25,3.16,7.976,7.916,8.344,56743.43,73612.92,75827.83,0.76
2014-05-09,7.83,7.99,7.91,7.77,57904.3,0.04,0.51,7.96,7.912,8.397,51933.3,74808.57,77024.13,0.55
2014-05-08,7.79,7.97,7.87,7.74,47232.23,0.05,0.64,7.984,7.969,8.463,57959.28,75197.77,80324.39,0.45
2014-05-07,8.06,8.1,7.82,7.8,47057.3,-0.29,-3.58,7.986,8.049,8.518,68832.43,76581.87,81943.08,0.45
2014-05-06,8.09,8.17,8.11,8.03,51824.37,0.02,0.25,7.934,8.13,8.571,73101.21,82709.78,82463.54,0.5
2014-05-05,8.04,8.12,8.09,7.96,55648.32,0.06,0.75,7.856,8.204,8.6,90482.41,83239.54,82258.04,0.53
2014-04-30,7.89,8.13,8.03,7.83,88034.16,0.15,1.9,7.864,8.28,8.631,97683.84,87550.03,83064.36,0.84
2014-04-29,7.53,7.9,7.88,7.52,101598.02,0.32,4.23,7.954,8.367,8.672,92436.25,87863.22,82048.31,0.97
2014-04-28,7.72,7.72,7.56,7.48,68401.19,-0.16,-2.07,8.112,8.472,8.717,84331.3,85834.07,84071.6,0.65
2014-04-25,8.13,8.21,7.72,7.56,138730.34,-0.41,-5.04,8.326,8.63,8.805,92318.35,85272.2,88480.84,1.33
2014-04-24,8.48,8.54,8.13,8.1,91655.48,-0.35,-4.13,8.552,8.771,8.896,75996.67,78042.75,90457.76,0.88
2014-04-23,8.68,8.76,8.48,8.46,61796.24,-0.19,-2.19,8.696,8.882,8.973,77416.22,79239.69,91484.01,0.59
2014-04-22,8.63,8.73,8.67,8.53,61073.23,0.04,0.46,8.78,8.956,9.03,83290.18,85451.01,98882.65,0.58
2014-04-21,8.8,8.92,8.63,8.62,108336.45,-0.22,-2.49,8.832,8.987,9.059,87336.85,87304.29,102723.23,1.04
2014-04-18,8.82,8.89,8.85,8.75,57121.96,0.0,0.0,8.934,9.011,9.084,78226.05,82217.3,105040.68,0.55
2014-04-17,8.94,9.1,8.85,8.84,98753.24,-0.05,-0.56,8.99,8.996,9.072,80088.82,81276.54,106993.97,0.95
2014-04-16,8.86,8.98,8.9,8.86,91166.03,-0.03,-0.34,9.068,8.982,9.083,81063.16,78578.69,106772.99,0.87
2014-04-15,9.15,9.16,8.93,8.88,81306.59,-0.21,-2.3,9.132,8.977,9.1,87611.84,76233.41,110563.55,0.78
2014-04-14,9.13,9.21,9.14,9.1,62782.41,0.01,0.11,9.142,8.961,9.099,87271.73,82309.13,110548.72,0.6
2014-04-11,9.24,9.24,9.13,9.09,66435.83,-0.11,-1.19,9.088,8.98,9.076,86208.56,91689.48,111692.16,0.64
2014-04-10,9.23,9.29,9.24,9.15,103624.92,0.02,0.22,9.002,9.02,9.061,82464.27,102872.78,112041.48,0.99
2014-04-09,9.05,9.32,9.22,9.05,123909.47,0.24,2.67,8.896,9.063,9.04,76094.22,103728.33,112641.04,1.19
2014-04-08,8.85,9.08,8.98,8.79,79606.04,0.11,1.24,8.822,9.104,9.012,64854.98,112314.28,111792.23,0.76
2014-04-04,8.7,8.88,8.87,8.65,57466.52,0.17,1.95,8.78,9.13,8.995,77346.52,118142.16,117690.48,0.55
2014-04-03,8.78,8.8,8.7,8.64,47714.39,-0.01,-0.12,8.872,9.157,9.027,97170.41,127864.07,121090.28,0.46
2014-04-02,8.88,8.89,8.71,8.66,71774.66,-0.14,-1.58,9.038,9.148,9.082,123281.28,132711.4,125474.93,0.69
2014-04-01,8.69,8.89,8.85,8.68,67713.28,0.08,0.91,9.23,9.184,9.125,131362.44,134967.3,127032.64,0.65
2014-03-31,9.2,9.27,8.77,8.61,142063.75,-0.56,-6.0,9.386,9.223,9.169,159773.58,144893.68,129329.6,1.36
2014-03-28,9.58,9.81,9.33,9.3,156585.98,-0.2,-2.1,9.48,9.237,9.227,158937.8,138788.3,131498.03,1.5
2014-03-27,9.69,9.99,9.53,9.47,178268.75,-0.14,-1.45,9.442,9.172,9.239,158557.72,131694.84,130762.63,1.71
2014-03-26,9.65,9.72,9.67,9.44,112180.45,0.04,0.41,9.258,9.102,9.237,142141.51,121210.18,133877.15,1.07
2014-03-25,9.26,9.7,9.63,9.17,209768.98,0.39,4.22,9.138,9.016,9.23,138572.15,121553.75,140351.69,2.01
2014-03-24,9.11,9.41,9.24,9.06,137884.86,0.1,1.09,9.06,8.919,9.248,130013.79,111270.18,149040.49,1.32
2014-03-21,8.57,9.17,9.14,8.5,154685.58,0.53,6.16,8.994,8.859,9.331,118638.8,117238.79,158306.33,1.48
2014-03-20,9.12,9.18,8.61,8.6,96187.7,-0.46,-5.07,8.902,8.897,9.41,104831.96,114316.49,174444.56,0.92
2014-03-19,9.16,9.16,9.07,8.99,94333.63,-0.17,-1.84,8.946,9.015,9.481,100278.85,118238.45,182407.69,0.9
2014-03-18,8.95,9.3,9.24,8.91,166977.16,0.33,3.7,8.894,9.065,9.547,104535.34,119097.98,189722.87,1.6
2014-03-17,8.75,8.92,8.91,8.64,81009.95,0.23,2.65,8.778,9.115,9.611,92526.58,113765.52,207857.97,0.78
2014-03-14,8.8,8.94,8.68,8.65,85651.35,-0.15,-1.7,8.724,9.216,9.664,115838.78,124207.76,214107.58,0.82
2014-03-13,8.85,8.88,8.83,8.67,73422.18,0.02,0.23,8.892,9.305,9.732,123801.02,129830.43,227516.7,0.7
2014-03-12,8.65,8.84,8.81,8.52,115616.07,0.15,1.73,9.084,9.372,9.785,136198.05,146544.12,247862.34,1.11
2014-03-11,8.63,8.8,8.66,8.46,106933.34,0.02,0.23,9.236,9.444,9.816,133660.62,159149.64,251456.34,1.02
2014-03-10,9.43,9.43,8.64,8.61,197570.95,-0.88,-9.24,9.452,9.576,9.861,135004.46,186810.8,256850.82,1.89
2014-03-07,9.77,9.88,9.52,9.47,125462.57,-0.27,-2.76,9.708,9.802,9.911,132576.74,199373.86,261331.76,1.2
2014-03-06,9.56,9.8,9.79,9.35,135407.34,0.22,2.3,9.718,9.922,9.903,135859.83,234572.63,265768.7,1.3
2014-03-05,9.76,9.9,9.57,9.54,102928.91,-0.17,-1.75,9.66,9.946,9.853,156890.19,246576.93,265488.54,0.99
2014-03-04,9.81,9.88,9.74,9.59,113652.54,-0.18,-1.81,9.652,10.028,9.811,184638.66,260347.76,266157.27,1.09
2014-03-03,9.5,10.04,9.92,9.37,185432.34,0.35,3.66,9.7,10.107,9.757,238617.13,301950.42,268116.53,1.77
2014-02-28,9.51,9.65,9.57,9.16,141878.02,0.07,0.74,9.896,10.112,9.707,266170.98,304007.39,271075.43,1.36
2014-02-27,9.52,9.98,9.5,9.31,240559.12,-0.03,-0.32,10.126,10.159,9.668,333285.43,325202.97,277336.94,2.3
2014-02-26,9.81,9.98,9.53,9.21,241671.3,-0.45,-4.51,10.232,10.198,9.619,336263.67,349180.57,277161.27,2.31
2014-02-25,10.9,11.07,9.98,9.82,383544.88,-0.92,-8.44,10.404,10.188,9.572,336056.86,343763.04,279344.33,3.67
2014-02-24,10.7,11.04,10.9,10.55,323201.59,0.18,1.68,10.514,10.145,9.486,365283.71,326890.85,270770.81,3.09
2014-02-21,10.05,10.89,10.72,9.96,477450.28,0.69,6.88,10.328,10.02,9.32,341843.8,323289.66,259134.88,4.57
2014-02-20,10.42,10.52,10.03,9.95,255450.31,-0.36,-3.46,10.192,9.884,9.161,317120.51,296964.78,240916.73,2.44
2014-02-19,10.42,10.58,10.39,10.21,240637.23,-0.14,-1.33,10.164,9.76,9.049,362097.46,284400.15,233057.14,2.3
2014-02-18,9.94,10.71,10.53,9.83,529679.12,0.56,5.62,9.972,9.593,8.918,351469.21,271966.78,226768.23,5.07
2014-02-17,10.18,10.24,9.97,9.77,206002.06,-0.07,-0.7,9.776,9.406,8.791,288497.98,234282.65,203854.05,1.97
2014-02-14,9.79,10.36,10.04,9.7,353833.84,0.15,1.52,9.712,9.301,8.686,304735.52,238143.47,196161.52,3.39
2014-02-13,9.43,10.36,9.89,9.28,480335.06,0.46,4.88,9.576,9.176,8.573,276809.04,229470.91,181556.05,4.6
2014-02-12,9.55,9.62,9.43,9.21,187495.98,-0.12,-1.26,9.356,9.039,8.48,206702.83,205141.98,162179.64,1.79
2014-02-11,9.58,9.74,9.55,9.3,214822.98,-0.1,-1.04,9.214,8.955,8.417,192464.36,214925.63,159226.92,2.06
2014-02-10,9.36,9.66,9.65,9.17,287189.72,0.29,3.1,9.036,8.827,8.336,180067.32,214650.78,153476.23,2.75
2014-02-07,8.7,9.55,9.36,8.62,214201.45,0.57,6.49,8.89,8.62,8.248,171551.43,194980.1,146627.04,2.05
2014-01-30,8.7,9.02,8.79,8.57,129804.03,0.07,0.8,8.776,8.437,8.206,182132.77,184868.68,142493.05,1.24
2014-01-29,8.7,8.87,8.72,8.68,116303.61,0.06,0.69,8.722,8.338,8.205,203581.12,181714.14,140113.79,1.11
2014-01-28,8.91,8.99,8.66,8.52,152837.77,-0.26,-2.92,8.696,8.243,8.214,237386.9,181569.68,138507.76,1.46
2014-01-27,8.69,9.09,8.92,8.64,244610.27,0.13,1.48,8.618,8.175,8.224,249234.25,173425.45,135471.85,2.34
2014-01-24,8.45,8.89,8.79,8.34,267108.19,0.27,3.17,8.35,8.07,8.211,218408.78,154179.57,126737.88,2.56
2014-01-23,8.6,8.78,8.52,8.46,237045.77,-0.07,-0.81,8.098,7.969,8.196,187604.58,133641.2,118494.53,2.27
2014-01-22,8.22,8.61,8.59,8.16,285332.5,0.32,3.87,7.954,7.921,8.213,159847.15,119217.3,111492.05,2.73
2014-01-21,7.52,8.3,8.27,7.52,212074.53,0.69,9.1,7.79,7.879,8.211,125752.46,103528.21,101557.57,2.03
2014-01-20,7.57,7.7,7.58,7.45,90482.9,0.05,0.66,7.732,7.845,8.22,97616.65,92301.68,95551.73,0.87
2014-01-17,7.8,7.81,7.53,7.5,113087.18,-0.27,-3.46,7.79,7.875,8.28,89950.36,98273.98,95122.91,1.08
2014-01-16,7.79,7.88,7.8,7.73,98258.64,0.03,0.39,7.84,7.974,8.345,79677.83,100117.42,94697.52,0.94
2014-01-15,7.95,8.02,7.77,7.74,114859.03,-0.21,-2.63,7.888,8.071,8.405,78587.44,98513.45,97683.72,1.1
2014-01-14,7.89,8.0,7.98,7.75,71395.5,0.11,1.4,7.968,8.184,8.487,81303.96,95445.84,96333.32,0.68
2014-01-13,7.8,8.08,7.87,7.76,52151.43,0.09,1.16,7.958,8.272,8.567,86986.7,97518.25,100841.01,0.5
2014-01-10,8.0,8.01,7.78,7.75,61724.55,-0.26,-3.23,7.96,8.352,8.674,106597.59,99296.2,103417.22,0.59
2014-01-09,8.15,8.37,8.04,8.02,92806.71,-0.13,-1.59,8.108,8.423,8.788,120557.02,103347.85,111033.45,0.89
2014-01-08,8.02,8.21,8.17,7.97,128441.59,0.24,3.03,8.254,8.504,8.883,118439.45,103766.81,114946.14,1.23
2014-01-07,7.85,8.19,7.93,7.74,99809.24,0.05,0.64,8.4,8.542,8.978,109587.73,99586.93,122963.26,0.96
2014-01-06,8.38,8.4,7.88,7.79,150205.88,-0.64,-7.51,8.586,8.594,9.084,108049.8,98801.78,128460.95,1.44
2014-01-03,8.79,8.79,8.52,8.38,131521.67,-0.25,-2.85,8.744,8.685,9.176,91994.81,91971.84,127060.63,1.26
2014-01-02,8.9,8.9,8.77,8.74,82218.85,-0.13,-1.46,8.738,8.716,9.229,86138.68,89277.62,127417.29,0.79
2013-12-31,8.76,8.94,8.9,8.67,84183.02,0.04,0.45,8.754,8.739,9.283,89094.18,96853.99,135701.52,0.81
2013-12-30,8.69,8.89,8.86,8.6,92119.58,0.19,2.19,8.684,8.789,9.303,89586.12,97220.79,138194.33,0.88
2013-12-27,8.42,8.7,8.67,8.42,69930.92,0.18,2.12,8.602,8.861,9.319,89553.76,104163.76,148414.1,0.67
2013-12-26,8.87,8.87,8.49,8.46,102241.04,-0.36,-4.07,8.626,8.995,9.395,91948.88,107538.24,155066.99,0.98
2013-12-25,8.6,8.86,8.85,8.5,96996.32,0.3,3.51,8.694,9.153,9.482,92416.55,118719.04,161724.0,0.93
2013-12-24,8.55,8.7,8.55,8.45,86642.75,0.1,1.18,8.724,9.261,9.555,104613.81,126125.47,177787.82,0.83
2013-12-23,8.71,8.82,8.45,8.23,91957.77,-0.34,-3.87,8.894,9.413,9.62,104855.45,146339.6,181066.97,0.88
2013-12-20,8.9,9.04,8.79,8.68,81906.51,-0.04,-0.45,9.12,9.574,9.702,118773.77,158120.12,188686.94,0.78
2013-12-19,9.02,9.23,8.83,8.78,104579.42,-0.17,-1.89,9.364,9.666,9.756,123127.61,162149.42,198364.75,1.0
2013-12-18,9.36,9.47,9.0,8.92,157982.58,-0.4,-4.25,9.612,9.742,9.824,145021.53,165556.97,205790.02,1.51
2013-12-17,9.63,9.76,9.4,9.35,87850.98,-0.18,-1.88,9.798,9.826,9.892,147637.13,174549.05,212971.22,0.84
2013-12-16,10.01,10.09,9.58,9.52,161549.34,-0.43,-4.3,9.932,9.817,9.937,187823.75,179167.87,226606.25,1.55
2013-12-13,9.95,10.12,10.01,9.89,103675.71,-0.06,-0.6,10.028,9.776,9.947,197466.47,192664.45,238397.49,0.99
2013-12-12,9.91,10.23,10.07,9.89,214049.03,0.14,1.41,9.968,9.794,9.921,201171.23,202595.74,255683.57,2.05
2013-12-11,9.99,10.18,9.93,9.72,171060.59,-0.14,-1.39,9.872,9.811,9.864,186092.41,204728.95,262660.34,1.64
2013-12-10,9.99,10.48,10.07,9.97,288784.06,0.01,0.1,9.854,9.849,9.797,201460.97,229450.17,275201.14,2.76
2013-12-09,9.78,10.11,10.06,9.62,209762.95,0.35,3.6,9.702,9.826,9.702,170511.99,215794.34,268246.6,2.01
2013-12-06,9.66,9.83,9.71,9.54,122199.53,0.12,1.25,9.524,9.83,9.6,187862.42,219253.77,265265.37,1.17
2013-12-05,9.75,9.89,9.59,9.49,138654.91,-0.25,-2.54,9.62,9.845,9.526,204020.26,234580.09,267223.22,1.33
2013-12-04,9.32,10.05,9.84,9.23,247903.39,0.53,5.69,9.75,9.906,9.468,223365.5,246023.07,270672.21,2.37
2013-12-03,9.0,9.42,9.31,8.9,134039.19,0.14,1.53,9.844,9.957,9.399,257439.37,251393.4,271374.39,1.28
2013-12-02,9.8,9.96,9.17,9.17,296515.09,-1.02,-10.01,9.95,10.056,9.38,261076.68,274044.64,276563.82,2.84
2013-11-29,10.26,10.34,10.19,10.1,202988.7,-0.05,-0.49,10.136,10.117,9.351,250645.12,284130.53,270556.13,1.94
2013-11-28,10.25,10.4,10.24,10.16,235381.11,-0.07,-0.68,10.07,10.048,9.271,265139.92,308771.39,275866.83,2.25
2013-11-27,9.8,10.45,10.31,9.75,418272.78,0.47,4.78,10.062,9.916,9.204,268680.65,320591.72,281725.56,4.0
2013-11-26,10.2,10.24,9.84,9.8,152225.73,-0.26,-2.57,10.07,9.744,9.178,245347.42,320952.12,276859.91,1.46
2013-11-25,9.8,10.25,10.1,9.69,244357.28,0.24,2.43,10.162,9.578,9.188,287012.59,320698.86,291601.08,2.34
2013-11-22,10.17,10.3,9.86,9.65,275462.69,-0.34,-3.33,10.098,9.37,9.191,317615.95,311276.97,303611.47,2.64
2013-11-21,10.2,10.43,10.2,10.11,253084.78,-0.15,-1.45,10.026,9.207,9.176,352402.87,299866.35,304324.38,2.42
2013-11-20,10.42,10.57,10.35,10.08,301606.62,0.05,0.48,9.77,9.029,9.138,372502.79,295321.36,313567.23,2.89
2013-11-19,9.81,10.5,10.3,9.81,360551.59,0.52,5.32,9.418,8.84,9.144,396556.81,291355.39,325910.72,3.45
2013-11-18,9.69,10.08,9.78,9.56,397374.06,0.28,2.95,8.994,8.703,9.185,354385.12,279083.0,338618.81,3.8
2013-11-15,8.8,9.8,9.5,8.75,449397.28,0.58,6.5,8.642,8.585,9.212,304937.98,256981.72,343594.65,4.3
2013-11-14,8.39,8.99,8.92,8.28,353584.41,0.33,3.84,8.388,8.494,9.257,247329.84,242962.26,355522.71,3.38
2013-11-13,8.23,9.0,8.59,8.17,421876.72,0.41,5.01,8.288,8.492,9.389,218139.92,242859.39,390610.54,4.04
2013-11-12,8.03,8.26,8.18,8.0,149693.12,0.16,2.0,8.262,8.612,9.519,186153.96,232767.7,410429.87,1.43
2013-11-11,8.24,8.32,8.02,7.95,150138.38,-0.21,-2.55,8.412,8.797,9.619,203780.87,262503.31,445751.77,1.44
2013-11-08,8.34,8.49,8.23,8.15,161356.55,-0.19,-2.26,8.528,9.011,9.696,209025.46,295945.98,499128.91,1.54
2013-11-07,8.34,8.7,8.42,8.13,207634.83,-0.04,-0.47,8.6,9.145,9.752,238594.69,308782.41,502674.82,1.99
2013-11-06,8.75,8.88,8.46,8.45,261946.91,-0.47,-5.26,8.696,9.246,9.755,267578.86,331813.11,547917.98,2.51
2013-11-05,8.6,8.96,8.93,8.41,237827.69,0.33,3.84,8.962,9.448,9.751,279381.43,360466.05,570040.88,2.28
2013-11-04,8.55,8.8,8.6,8.32,176361.31,0.01,0.12,9.182,9.667,9.686,321225.76,398154.62,598142.04,1.69
2013-11-01,8.75,8.89,8.59,8.14,309202.69,-0.31,-3.48,9.494,9.838,9.602,382866.49,430207.59,615836.25,2.96
2013-10-31,9.6,9.84,8.9,8.89,352555.69,-0.89,-9.09,9.69,10.019,9.556,378970.14,468083.15,632220.0,3.37
2013-10-30,9.49,10.26,9.79,9.22,320959.78,-0.24,-2.39,9.796,10.285,9.481,396047.36,538361.68,633642.78,3.07
2013-10-28,10.11,10.72,10.03,9.72,447049.31,-0.13,-1.28,9.934,10.426,9.369,441550.66,588092.04,643693.96,4.28
2013-10-25,9.6,10.52,10.16,9.3,484565.0,0.59,6.17,10.152,10.441,9.232,475083.49,629000.24,639443.14,4.64
2013-10-24,9.44,9.7,9.57,9.23,289720.91,0.14,1.49,10.182,10.381,9.078,477548.68,702311.84,633136.74,2.77
2013-10-23,10.33,10.45,9.43,9.43,437941.78,-1.05,-10.02,10.348,10.358,8.97,557196.16,696567.22,647416.59,4.19
2013-10-22,11.22,11.29,10.48,10.3,548476.31,-0.64,-5.75,10.774,10.264,8.946,680676.01,764022.86,658441.58,5.25
2013-10-21,10.4,11.22,11.12,10.15,614713.44,0.81,7.86,10.918,10.054,8.861,734633.42,779615.71,664550.77,5.88
2013-10-18,9.9,10.55,10.31,9.8,496890.97,-0.09,-0.86,10.73,9.704,8.728,782916.98,798129.46,667482.37,4.76
2013-10-17,11.2,11.43,10.4,10.4,687958.31,-1.16,-10.04,10.58,9.366,8.629,927074.99,801464.92,678144.34,6.58
2013-10-16,11.25,12.22,11.56,10.79,1055341.0,0.36,3.21,10.368,9.093,8.511,835938.28,796356.84,677490.07,10.1
2013-10-15,10.99,11.2,11.2,10.38,818263.38,1.02,10.02,9.754,8.677,8.293,847369.7,728923.88,650500.72,7.83
2013-10-11,10.0,10.48,10.18,9.66,856131.25,0.62,6.49,9.19,8.311,8.069,824598.0,699295.87,637595.9,8.19
2013-10-10,10.27,10.27,9.56,9.54,1217681.0,0.22,2.35,8.678,8.023,7.893,813341.93,649886.05,619384.62,11.65
2013-10-09,8.9,9.34,9.34,8.9,232274.77,0.85,10.01,8.152,7.775,7.742,675854.85,563961.64,564994.04,2.22
2013-10-08,8.71,9.05,8.49,8.0,1112498.12,0.11,1.31,7.818,7.582,7.582,756775.4,598265.97,598265.97,10.65
2013-09-30,7.82,8.38,8.38,7.72,704404.88,0.76,9.97,7.6,7.481,7.481,610478.06,541129.06,541129.06,6.74
2013-09-27,6.98,7.62,7.62,6.95,799850.88,0.69,9.96,7.432,7.369,7.369,573993.74,520719.58,520719.58,7.65
2013-09-26,7.57,7.57,6.93,6.9,530245.62,-0.74,-9.65,7.368,7.333,7.333,486430.17,480843.68,480843.68,5.07
2013-09-25,7.45,7.98,7.67,7.4,636877.5,0.27,3.65,7.398,7.4,7.4,452068.43,472610.03,472610.03,6.1
2013-09-24,7.45,7.54,7.4,7.3,381011.41,-0.14,-1.86,7.346,7.346,7.346,439756.53,439756.53,439756.53,3.65
2013-09-23,7.33,7.65,7.54,7.15,521983.31,0.24,3.29,7.333,7.333,7.333,454442.81,454442.81,454442.81,5.0
2013-09-18,7.02,7.44,7.3,7.01,362033.03,0.22,3.11,7.263,7.263,7.263,431929.31,431929.31,431929.31,3.46
2013-09-17,7.34,7.4,7.08,6.97,358436.91,-0.33,-4.45,7.245,7.245,7.245,466877.45,466877.45,466877.45,3.43
2013-09-16,7.37,7.68,7.41,7.21,575318.0,-0.3,-3.89,7.41,7.41,7.41,575318.0,575318.0,575318.0,5.51
