date,open,high,close,low,volume,price_change,p_change,ma5,ma10,ma20,v_ma5,v_ma10,v_ma20,turnover
2016-09-12,32.5,32.79,32.15,31.81,33101.43,-1.0,-3.02,33.316,33.01,32.304,42062.83,34345.51,31449.24,2.63
2016-09-09,34.45,34.5,33.13,33.11,39170.58,-1.43,-4.14,33.328,33.179,32.254,38214.1,39748.64,30708.83,3.11
2016-09-08,33.39,34.84,34.57,33.3,52882.78,0.81,2.4,33.114,33.039,32.12,36462.05,38569.71,29339.3,4.2
2016-09-07,33.0,34.81,33.78,32.88,61025.15,0.83,2.52,32.76,32.711,31.905,29980.71,35191.21,27493.62,4.85
2016-09-06,31.93,32.99,32.95,31.6,24134.19,0.73,2.27,32.66,32.507,31.765,23416.98,32601.81,26280.67,1.92
2016-09-05,32.3,32.6,32.21,31.8,13857.82,0.13,0.41,32.704,32.281,31.663,26628.19,31549.92,27165.35,1.1
2016-09-02,32.8,32.8,32.06,31.58,30410.32,-0.75,-2.29,33.03,32.139,31.514,41283.18,31916.34,27012.5,2.42
2016-09-01,33.04,33.55,32.8,32.74,20476.05,-0.49,-1.47,32.964,32.077,31.365,40677.36,30376.65,25939.52,1.63
2016-08-31,33.13,33.42,33.28,32.58,28206.54,0.15,0.45,32.662,31.932,31.17,40401.72,29724.05,25405.09,2.24
2016-08-30,33.78,33.79,33.17,32.82,40190.24,-0.64,-1.89,32.354,31.744,30.938,41786.63,29005.09,24600.96,3.19
2016-08-29,31.85,34.85,33.84,31.8,87132.74,2.11,6.65,31.858,31.597,30.707,36471.65,28552.97,23065.49,6.92
2016-08-26,31.42,32.05,31.73,31.23,27381.22,0.42,1.34,31.248,31.328,30.434,22549.5,21669.02,19623.72,2.18
2016-08-25,31.57,31.57,31.29,30.3,19097.86,-0.46,-1.45,31.19,31.201,30.32,20075.94,20108.9,19044.71,1.52
2016-08-24,30.55,31.82,31.74,30.55,35131.09,1.09,3.56,31.202,31.099,30.254,19046.38,19796.03,18818.5,2.79
2016-08-23,30.98,30.98,30.69,30.21,13615.36,-0.1,-0.33,31.134,31.022,30.165,16223.55,19959.54,18826.16,1.08
2016-08-22,31.4,31.41,30.79,30.64,17521.96,-0.64,-2.04,31.336,31.045,30.206,20634.28,22780.78,18832.98,1.39
2016-08-19,31.51,31.67,31.44,31.21,15013.42,0.1,0.32,31.408,30.889,30.228,20788.54,22108.66,18605.09,1.19
2016-08-18,31.39,31.7,31.35,31.13,13950.07,-0.04,-0.13,31.212,30.652,30.214,20141.87,21502.38,18549.18,1.11
2016-08-17,31.64,32.31,31.4,31.25,21016.96,-0.3,-0.95,30.996,30.407,30.214,20545.69,21086.13,18671.66,1.67
2016-08-16,31.16,32.45,31.7,30.92,35668.97,0.55,1.77,30.91,30.131,30.209,23695.52,20196.82,18472.53,2.83
2016-08-15,30.4,31.19,31.15,30.23,18293.29,0.7,2.3,30.754,29.816,30.197,24927.29,17578.02,17853.56,1.45
2016-08-12,30.5,30.52,30.46,29.98,11780.04,0.17,0.56,30.37,29.539,30.223,23428.77,17578.42,18264.64,0.94
2016-08-11,30.72,30.96,30.27,30.24,15969.17,-0.72,-2.32,30.092,29.438,30.268,22862.9,17980.52,18540.56,1.27
2016-08-10,30.68,31.65,30.97,30.68,36766.15,0.06,0.19,29.818,29.408,30.326,21626.57,17840.97,19177.05,2.92
2016-08-09,29.25,31.39,30.92,29.18,41827.8,1.67,5.71,29.352,29.307,30.342,16698.11,17692.78,19024.06,3.32
2016-08-08,28.99,29.29,29.23,28.62,10800.68,0.14,0.48,28.878,29.367,30.373,10228.75,14885.18,18363.41,0.86
2016-08-05,28.89,29.17,29.07,28.71,8950.69,0.17,0.59,28.708,29.567,30.457,11728.07,15101.52,19594.17,0.71
2016-08-04,28.51,28.99,28.9,28.51,9787.53,0.27,0.94,28.784,29.776,30.576,13098.13,15595.98,21491.93,0.78
2016-08-03,28.54,28.77,28.64,28.34,12123.86,0.1,0.35,28.998,30.021,30.731,14055.37,16257.19,26604.69,0.96
2016-08-02,28.4,28.65,28.55,28.37,9481.0,0.18,0.63,29.262,30.287,30.92,18687.46,16748.23,28879.92,0.75
2016-08-01,29.19,29.4,28.38,28.01,18297.27,-1.08,-3.67,29.856,30.577,30.965,19541.61,18129.11,29619.51,1.45
2016-07-29,30.0,30.22,29.45,29.31,15801.0,-0.53,-1.77,30.426,30.906,31.01,18474.98,18950.86,29876.67,1.26
2016-07-28,29.68,30.39,29.97,29.54,14573.7,-0.03,-0.1,30.768,31.097,30.971,18093.83,19100.6,29962.61,1.16
2016-07-27,31.6,31.99,29.96,29.28,35284.31,-1.55,-4.92,31.044,31.243,30.916,18459.01,20513.14,30263.1,2.8
2016-07-26,31.19,31.54,31.52,31.19,13751.77,0.32,1.03,31.312,31.376,30.863,14809.01,20355.34,29657.63,1.09
2016-07-25,31.3,31.58,31.23,31.0,12964.11,0.06,0.19,31.298,31.379,30.732,16716.6,21841.63,30387.1,1.03
2016-07-22,31.3,31.4,31.16,31.1,13895.28,-0.17,-0.54,31.386,31.347,30.582,19426.75,24086.81,30624.06,1.1
2016-07-21,31.21,31.58,31.35,31.14,16399.59,0.05,0.16,31.426,31.375,30.403,20107.37,27387.87,31129.61,1.3
2016-07-20,31.42,31.68,31.3,31.12,17034.31,-0.12,-0.38,31.442,31.44,30.252,22567.26,36952.19,31765.25,1.35
2016-07-19,31.39,31.78,31.45,31.02,23289.73,-0.19,-0.6,31.44,31.552,30.085,25901.67,41011.6,31806.42,1.85
2016-07-18,31.65,32.0,31.67,31.41,26514.82,0.31,0.99,31.46,31.353,29.886,26966.66,41109.92,31609.49,2.11
2016-07-15,31.34,31.72,31.36,31.2,17298.38,-0.06,-0.19,31.308,31.114,29.676,28746.87,40802.47,31033.83,1.37
2016-07-14,31.39,32.08,31.43,31.18,28699.05,0.19,0.61,31.324,30.845,29.472,34668.38,40824.62,31003.22,2.28
2016-07-13,31.38,31.77,31.29,31.1,33706.38,-0.24,-0.76,31.438,30.588,29.25,51337.13,40013.07,30298.76,2.68
2016-07-12,30.93,31.66,31.55,30.81,28614.65,0.61,1.97,31.664,30.35,29.052,56121.53,38959.93,29473.97,2.27
2016-07-11,31.31,31.63,30.91,30.91,35415.88,-0.53,-1.69,31.246,30.084,28.801,55253.19,38932.56,28626.7,2.81
2016-07-08,32.42,32.48,31.44,31.08,46905.93,-0.59,-1.84,30.92,29.817,28.571,52858.07,37161.32,28015.58,3.73
2016-07-07,33.2,34.4,32.0,31.61,112042.8,-0.42,-1.29,30.366,29.431,28.425,46980.85,34871.35,26788.77,8.9
2016-07-06,29.46,32.42,32.42,29.36,57628.38,2.95,10.01,29.738,29.064,28.231,28689.0,26578.32,21858.84,4.58
2016-07-05,29.58,29.82,29.46,29.37,24272.96,0.19,0.65,29.036,28.618,28.023,21798.32,22601.24,19848.59,1.93
2016-07-04,28.69,29.43,29.28,28.54,23440.28,0.6,2.09,28.922,28.419,27.973,22611.93,22109.07,19754.35,1.86
2016-07-01,28.81,29.1,28.67,28.62,17519.85,-0.19,-0.66,28.714,28.238,27.928,21464.57,21265.2,19633.52,1.39
2016-06-30,29.0,29.2,28.86,28.8,20583.55,-0.04,-0.14,28.496,28.099,27.909,22761.84,21181.83,20389.19,1.64
2016-06-29,28.77,29.08,28.91,28.5,23174.98,0.04,0.14,28.39,27.912,27.887,24467.63,20584.46,20843.58,1.84
2016-06-28,28.19,28.93,28.89,28.08,28341.01,0.68,2.41,28.2,27.753,27.808,23404.15,19988.0,20699.69,2.25
2016-06-27,27.57,28.24,28.24,27.29,17703.46,0.7,2.54,27.916,27.518,27.716,21606.2,18320.83,20459.59,1.41
2016-06-24,28.31,28.47,27.58,26.8,24006.21,-0.75,-2.65,27.762,27.324,27.633,21065.82,18869.83,20457.36,1.91
2016-06-23,27.95,29.06,28.33,27.73,29112.47,0.36,1.29,27.702,27.418,27.579,19601.82,18706.19,20065.04,2.31
2016-06-22,27.3,28.0,27.96,27.22,17857.62,0.52,1.9,27.434,27.397,27.476,16701.3,17139.37,19337.41,1.42
2016-06-21,27.64,28.2,27.47,27.11,19351.24,-0.01,-0.04,27.306,27.427,27.421,16571.86,17095.94,19306.26,1.54
2016-06-20,27.29,27.5,27.47,26.89,15001.57,0.19,0.7,27.12,27.527,27.367,15035.47,17399.64,19072.26,1.19
2016-06-17,26.98,27.67,27.28,26.98,16686.18,0.3,1.11,26.886,27.618,27.292,16673.84,18001.85,19134.14,1.33
2016-06-16,27.22,27.39,26.99,26.84,14609.87,-0.34,-1.24,27.134,27.718,27.22,17810.56,19596.56,19953.76,1.16
2016-06-15,26.28,27.5,27.32,26.1,17210.42,0.8,3.02,27.36,27.862,27.254,17577.44,21102.71,20148.08,1.37
2016-06-14,26.2,26.84,26.54,26.11,11669.3,0.16,0.61,27.548,27.863,27.272,17620.03,21411.37,20117.02,0.93
2016-06-13,27.95,28.38,26.3,26.2,23193.42,-2.21,-7.75,27.934,27.913,27.324,19763.81,22598.34,20799.12,1.84
2016-06-08,28.15,28.65,28.52,27.88,22369.81,0.42,1.5,28.35,27.942,27.383,19329.85,22044.88,21938.93,1.78
2016-06-07,28.31,28.31,28.12,27.8,13444.26,-0.14,-0.49,28.302,27.74,27.448,21382.55,21423.88,21873.89,1.07
2016-06-06,28.54,28.71,28.26,27.98,17423.34,-0.22,-0.77,28.364,27.555,29.239,24627.97,21535.45,21888.2,1.38
2016-06-03,28.42,28.68,28.47,28.1,22388.23,0.1,0.35,28.178,27.415,31.045,25202.72,21516.57,21989.96,1.78
2016-06-02,28.29,28.48,28.38,27.89,21023.62,0.1,0.35,27.892,27.206,32.923,25432.87,20744.88,22512.86,1.67
2016-06-01,29.0,29.08,28.28,28.16,32633.32,-0.15,-0.53,27.534,26.966,34.912,24759.91,20266.44,23142.35,2.59
2016-05-31,27.33,28.5,28.43,27.33,29671.34,1.11,4.06,27.178,26.722,36.723,21465.21,20310.95,22718.13,2.36
2016-05-30,26.86,27.58,27.33,26.63,20297.1,0.29,1.07,26.746,26.645,38.416,18442.93,19193.46,21761.09,1.61
2016-05-27,26.43,27.19,27.04,26.35,23538.99,0.47,1.77,26.652,26.681,40.084,17830.42,18822.67,21138.33,1.87
2016-05-26,26.05,26.59,26.59,25.81,17658.81,0.08,0.3,26.52,26.735,41.732,16056.88,18999.91,20265.8,1.4
2016-05-25,26.54,26.86,26.5,26.23,16159.81,0.25,0.95,26.398,26.824,43.403,15772.97,21832.98,19762.11,1.28
2016-05-24,26.9,26.9,26.27,26.11,14559.94,-0.58,-2.16,26.266,27.155,45.093,19156.69,22323.9,19287.54,1.16
2016-05-23,26.63,26.99,26.86,26.2,17234.55,0.49,1.86,26.544,30.922,46.769,19944.0,22240.95,18821.04,1.37
2016-05-20,25.97,26.44,26.38,25.33,14671.29,0.4,1.54,26.71,34.675,48.44,19814.92,22463.35,18246.89,1.17
2016-05-19,26.0,26.54,25.98,25.89,16239.26,0.18,0.7,26.95,38.639,50.075,21942.93,24280.83,17892.32,1.29
2016-05-18,27.48,27.48,25.84,25.58,33078.43,-1.82,-6.58,27.25,42.858,51.752,27892.99,26018.26,18113.24,2.63
2016-05-17,27.73,28.14,27.66,27.4,18496.45,-0.06,-0.22,28.044,46.723,53.674,25491.11,25125.31,16868.04,1.47
2016-05-16,27.35,27.8,27.69,27.0,16589.18,0.14,0.51,35.3,50.187,55.499,24537.9,24328.72,16483.46,1.32
2016-05-13,27.31,28.29,27.58,27.03,25311.33,0.09,0.33,42.64,53.486,57.435,25111.78,23454.0,16466.98,2.01
2016-05-12,28.0,28.48,27.48,26.84,45989.55,-2.34,-7.85,50.328,56.728,59.303,26618.74,21531.69,15785.73,3.65
2016-05-11,31.81,32.68,29.81,29.8,21069.06,-1.89,-5.96,58.466,59.982,61.144,24143.53,17691.24,14163.52,1.67
2016-05-10,64.15,64.74,63.94,63.5,13730.37,-0.44,-0.68,65.402,63.031,62.844,24759.5,16251.17,13732.96,2.18
2016-05-09,65.83,66.2,64.39,63.0,19458.58,-1.61,-2.44,65.074,62.616,62.88,24119.55,15401.14,13632.91,3.09
2016-05-06,68.4,69.88,66.02,65.21,32846.13,-2.13,-3.12,64.332,62.205,62.8,21796.22,14030.42,13421.95,5.22
2016-05-05,63.9,68.17,68.17,63.59,33613.52,3.68,5.71,63.128,61.511,62.726,16444.64,11503.81,13070.65,5.34
2016-05-04,63.95,66.37,64.49,63.02,24148.88,2.22,3.56,61.498,60.646,62.555,11238.95,10208.21,12181.43,3.84
2016-05-03,60.15,62.3,62.3,60.06,10530.64,1.65,2.72,60.66,60.624,62.501,7742.84,8610.77,11817.05,1.67
2016-04-29,60.08,61.11,60.68,59.61,7841.92,0.7,1.17,60.158,60.811,62.49,6682.72,8638.2,12012.78,1.25
2016-04-28,60.46,60.59,60.0,59.01,6088.24,-0.02,-0.03,60.078,61.383,62.57,6264.63,9479.95,12624.42,0.97
2016-04-27,60.3,60.86,60.02,59.92,7585.09,-0.29,-0.48,59.894,61.878,62.63,6562.98,10039.77,13313.69,1.21
2016-04-26,59.57,60.35,60.3,59.06,6668.29,0.51,0.85,59.794,62.306,62.571,9177.47,10635.79,14528.41,1.06
2016-04-25,60.58,60.58,59.79,58.66,5230.08,-0.48,-0.8,60.588,62.656,62.802,9478.71,11214.75,15728.72,0.83
2016-04-22,58.84,60.49,60.28,58.84,5751.45,1.29,2.19,61.464,63.143,63.0,10593.68,11864.68,16430.11,0.91
2016-04-21,59.44,60.39,59.08,58.85,7579.99,-0.47,-0.79,62.688,63.394,63.137,12695.28,12813.48,17450.54,1.2
2016-04-20,64.55,64.55,59.52,58.2,20657.55,-4.69,-7.3,63.862,63.941,63.207,13516.55,14637.49,17807.1,3.28
2016-04-19,64.75,65.25,64.27,63.0,8174.5,0.12,0.19,64.818,64.464,63.189,12094.1,14154.64,17619.69,1.3
2016-04-18,65.99,65.99,64.17,63.7,10804.9,-2.23,-3.36,64.724,64.378,62.915,12950.78,15023.32,17993.47,1.72
2016-04-15,65.04,66.68,66.4,65.0,16259.44,1.46,2.25,64.822,64.169,62.561,13135.69,15387.36,18321.97,2.58
2016-04-14,64.8,65.13,64.95,64.0,11686.37,0.63,0.98,64.1,63.757,61.989,12931.69,15768.89,18237.64,1.86
2016-04-13,64.37,65.51,64.3,64.0,13545.31,0.51,0.8,64.02,63.382,61.422,15758.42,16587.62,17941.62,2.15
2016-04-12,64.5,65.17,63.8,62.72,12457.86,-0.84,-1.3,64.11,62.837,60.872,16215.18,18421.04,17627.8,1.98
2016-04-11,63.07,65.19,64.66,62.99,11729.45,2.0,3.19,64.032,62.947,60.392,17095.86,20242.7,17581.21,1.86
2016-04-08,63.5,64.48,62.79,61.9,15239.46,-1.8,-2.79,63.516,62.856,59.769,17639.03,20995.54,17180.06,2.42
2016-04-07,65.0,67.43,64.55,64.55,25820.04,-0.17,-0.26,63.414,62.879,59.23,18606.09,22087.59,16695.99,4.1
2016-04-06,63.32,64.79,64.75,62.7,15829.07,1.34,2.11,62.744,62.473,58.61,17416.82,20976.7,15655.92,2.52
2016-04-05,62.0,63.71,63.41,61.2,16861.3,1.3,2.09,61.564,61.914,58.04,20626.9,21084.74,15240.51,2.68
2016-04-01,62.0,62.6,62.08,60.5,14445.29,-0.15,-0.24,61.862,61.452,57.542,23389.54,20963.62,14777.59,2.3
2016-03-31,61.6,62.9,62.28,60.79,20074.73,1.11,1.81,62.196,60.953,57.038,24352.05,21256.58,14502.96,3.19
2016-03-30,59.53,61.3,61.2,59.12,19873.69,2.4,4.08,62.344,60.221,56.616,25569.09,20706.39,14074.01,3.16
2016-03-29,64.29,64.29,58.85,58.6,31879.48,-5.98,-9.22,62.202,59.461,56.266,24536.59,19295.63,13687.24,5.07
2016-03-28,65.1,67.69,64.9,64.0,30674.53,1.23,1.93,62.264,58.906,55.926,21542.58,16834.56,12575.78,4.87
2016-03-25,62.31,63.99,63.75,61.9,19257.83,0.76,1.21,61.042,57.837,55.247,18537.7,14919.71,11601.66,3.06
2016-03-24,59.84,64.28,63.02,59.6,26159.92,2.52,4.17,59.71,56.682,54.813,18161.1,13364.58,11076.46,4.16
2016-03-23,59.16,60.5,60.49,58.2,14711.19,1.33,2.25,58.098,55.581,54.383,15843.68,11304.4,10491.13,2.34
2016-03-22,57.9,60.5,59.16,57.5,16909.41,0.63,1.08,56.72,54.746,54.383,14054.66,10335.13,10307.91,2.69
2016-03-21,58.04,58.79,58.79,57.3,15650.16,1.78,3.12,55.548,54.165,54.504,12126.55,9396.29,10032.17,2.49
2016-03-18,54.99,57.55,57.09,54.69,17374.82,2.2,4.01,54.632,53.631,54.614,11301.72,8591.56,9816.03,2.76
2016-03-17,53.21,54.96,54.96,53.17,14572.84,1.6,3.0,53.654,53.122,54.759,8568.06,7749.35,9332.9,2.32
2016-03-16,53.55,54.13,53.6,52.4,5766.07,0.05,0.09,53.064,53.011,55.003,6765.11,7441.63,9284.28,0.92
2016-03-15,53.87,54.33,53.3,53.01,7268.87,-0.94,-1.73,52.772,53.071,55.36,6615.6,8078.86,9769.14,1.16
2016-03-14,52.91,54.72,54.21,52.86,11526.0,1.94,3.71,52.782,52.945,55.618,6666.02,8316.99,10031.87,1.83
2016-03-11,51.5,52.39,52.2,51.01,3706.5,0.13,0.25,52.63,52.657,55.699,5881.4,8283.61,9776.0,0.59
2016-03-10,52.0,52.89,52.01,51.78,5558.11,-0.18,-0.34,52.59,52.943,55.934,6930.64,8788.34,10097.03,0.88
2016-03-09,52.3,52.6,52.14,51.6,5018.5,-1.09,-2.05,52.958,53.185,56.168,8118.14,9677.86,10494.85,0.8
2016-03-08,53.18,53.48,53.35,50.6,7520.98,-0.1,-0.19,53.37,54.019,56.34,9542.12,10280.7,10611.72,1.2
2016-03-07,52.12,54.01,53.45,52.12,7602.93,1.46,2.81,53.108,54.843,56.459,9967.96,10668.06,10741.98,1.21
2016-03-04,53.77,54.16,52.0,51.11,8952.66,-1.84,-3.42,52.684,55.597,56.472,10685.82,11040.5,10766.94,1.42
2016-03-03,53.98,55.46,53.85,53.75,11495.63,-0.36,-0.66,53.296,56.395,56.612,10646.05,10916.46,10852.05,1.83
2016-03-02,52.15,54.39,54.2,51.08,12138.39,2.12,4.07,53.412,56.995,56.559,11237.58,11126.93,10644.0,1.93
2016-03-01,51.37,52.5,52.04,50.25,9650.21,0.67,1.3,54.668,57.649,56.642,11019.28,11459.42,10519.77,1.53
2016-02-29,54.78,54.78,51.33,50.61,11192.2,-3.71,-6.74,56.578,58.29,56.834,11368.16,11746.75,10727.1,1.78
2016-02-26,54.58,55.87,55.06,53.57,8753.83,0.63,1.16,58.51,58.74,57.33,11395.18,11268.39,10579.46,1.39
2016-02-25,60.28,60.28,54.43,54.43,14453.28,-6.05,-10.0,59.494,58.924,57.613,11186.86,11405.71,10662.74,2.3
2016-02-24,61.08,61.85,60.48,58.98,11046.88,-1.07,-1.74,60.578,59.151,57.862,11016.28,11311.85,10756.29,1.76
2016-02-23,60.98,61.99,61.59,60.46,11394.62,0.6,0.98,60.63,58.66,57.985,11899.56,10942.75,10758.53,1.81
2016-02-22,60.97,61.5,60.99,60.51,11327.29,1.01,1.68,60.002,58.075,58.082,12125.33,10815.89,10884.83,1.8
2016-02-19,59.48,60.5,59.98,59.48,7712.24,0.15,0.25,58.97,57.347,58.121,11141.59,10493.37,10792.72,1.23
2016-02-18,60.75,60.99,59.85,59.59,13600.38,-0.83,-1.37,58.354,56.828,58.127,11624.56,10787.64,11012.44,2.16
2016-02-17,58.1,61.0,60.74,57.77,15463.28,2.4,4.11,57.724,56.122,58.187,11607.41,10161.06,10876.26,2.46
2016-02-16,56.31,58.45,58.45,56.3,12523.47,2.62,4.69,56.69,55.634,58.075,9985.93,9580.11,10618.74,1.99
2016-02-15,55.08,56.18,55.83,54.66,6408.59,-1.07,-1.88,56.148,55.378,58.233,9506.45,9707.45,10539.14,1.02
2016-02-05,56.71,56.99,56.9,56.5,10127.1,0.2,0.35,55.724,55.92,58.496,9845.15,9890.54,11004.5,1.61
2016-02-04,55.68,57.28,56.7,55.68,13514.63,1.15,2.07,55.302,56.301,58.915,9950.71,9919.77,11402.42,2.15
2016-02-03,54.96,55.85,55.57,54.12,7355.87,-0.1,-0.18,54.52,56.572,59.276,8714.72,10200.72,10929.41,1.17
2016-02-02,54.0,55.95,55.74,53.58,10126.08,2.12,3.95,54.578,57.31,60.042,9174.29,10574.32,11202.28,1.61
2016-02-01,54.56,55.11,53.71,53.1,8102.09,-1.11,-2.02,54.608,58.088,60.747,9908.44,10953.77,11484.09,1.29
2016-01-29,53.0,55.49,54.79,52.06,10654.9,2.06,3.91,56.116,58.894,61.528,9935.93,11092.07,11724.11,1.69
2016-01-28,55.0,55.86,52.79,52.64,7334.64,-3.06,-5.48,57.3,59.425,62.634,9888.83,11237.23,11895.03,1.17
2016-01-27,56.0,57.77,55.86,53.33,9653.74,-0.03,-0.05,58.624,60.251,63.979,11686.73,11591.45,12038.39,1.53
2016-01-26,60.5,60.8,55.89,55.4,13796.84,-5.35,-8.74,60.042,60.515,65.194,11974.34,11657.38,12285.98,2.19
2016-01-25,61.03,61.72,61.25,60.39,8239.55,0.52,0.86,61.568,61.087,66.394,11999.1,11370.83,13105.59,1.31
2016-01-22,60.38,61.0,60.71,58.56,10419.36,1.22,2.05,61.672,61.072,67.611,12248.21,12118.46,13732.22,1.66
2016-01-21,62.48,63.3,59.41,59.41,16324.16,-3.53,-5.61,61.55,61.528,68.836,12585.64,12885.06,14686.69,2.59
2016-01-20,63.09,64.6,62.95,62.62,11091.8,-0.59,-0.93,61.878,61.98,69.991,11496.16,11658.11,14871.05,1.76
2016-01-19,61.11,64.17,63.52,61.11,13920.63,1.74,2.82,60.988,62.773,71.014,11340.41,11830.24,15542.88,2.21
2016-01-18,58.97,62.48,61.77,58.04,9485.12,1.67,2.78,60.606,63.405,71.888,10742.56,12014.4,15708.33,1.51
2016-01-15,60.57,62.08,60.1,59.6,12106.49,-0.91,-1.49,60.472,64.163,72.839,11988.7,12356.14,16387.92,1.92
2016-01-14,57.01,61.5,61.05,57.0,10876.77,2.44,4.16,61.506,65.843,73.872,13184.48,12552.83,17013.87,1.73
2016-01-13,62.94,62.94,58.5,58.01,10313.06,-3.15,-5.11,62.082,67.706,74.739,11820.05,12485.33,17330.45,1.64
2016-01-12,61.15,62.75,61.61,58.51,10931.34,0.59,0.97,64.558,69.872,75.659,12320.07,12914.58,17291.1,1.74
2016-01-11,64.0,65.5,61.1,60.9,15715.85,-4.16,-6.38,66.204,71.701,76.429,13286.25,14840.35,17214.38,2.5
2016-01-08,65.98,66.65,65.27,61.33,18085.4,1.3,2.03,67.854,74.149,77.154,12723.59,15345.99,16995.58,2.87
2016-01-07,69.0,69.15,63.93,63.88,4054.6,-6.96,-9.82,70.18,76.144,77.745,11921.18,16488.32,16899.8,0.64
2016-01-06,69.92,71.43,70.88,68.6,12813.18,1.07,1.53,73.33,78.002,78.409,13150.6,18084.0,17809.93,2.04
2016-01-05,67.0,71.43,69.84,66.6,15762.23,0.47,0.68,75.186,79.255,78.885,13509.09,19255.51,18313.02,2.5
2016-01-04,76.64,76.9,69.35,69.23,12902.52,-7.51,-9.77,77.198,80.371,79.373,16394.45,19402.26,18247.02,2.05
2015-12-31,80.11,80.48,76.9,76.67,14073.36,-2.89,-3.62,80.444,81.515,79.947,17968.39,20419.7,18713.84,2.24
2015-12-30,80.8,80.8,79.68,79.0,10201.71,-0.41,-0.51,82.108,81.901,80.127,21055.47,21474.9,18974.52,1.62
2015-12-29,78.55,80.52,80.16,78.55,14605.61,0.23,0.29,82.674,81.772,80.027,23017.4,22175.57,19576.85,2.32
2015-12-28,84.99,85.42,79.9,79.88,30189.07,-5.66,-6.62,83.324,81.446,80.057,25001.93,21667.62,20568.72,4.8
2015-12-25,85.05,85.67,85.58,83.54,20772.18,0.38,0.45,83.544,81.156,80.163,22410.07,19588.41,20762.31,3.3
2015-12-24,82.42,86.88,85.22,82.42,29508.77,2.74,3.32,82.586,80.158,79.759,22871.01,18645.17,21190.49,4.69
2015-12-23,83.52,84.16,82.51,81.5,20011.37,-0.87,-1.04,81.694,79.346,79.538,21894.33,17311.27,21199.69,3.18
2015-12-22,81.1,83.88,83.41,81.1,24528.26,2.53,3.13,80.87,78.815,79.546,21333.74,17535.87,21846.57,3.9
2015-12-21,79.99,82.68,81.0,79.99,17229.75,0.22,0.27,79.568,78.514,79.541,18333.31,17370.53,22901.21,2.74
2015-12-18,80.6,83.1,80.79,80.08,23076.89,0.02,0.03,78.768,78.375,79.291,16766.75,17091.79,22975.04,3.67
2015-12-17,79.67,80.8,80.76,78.79,24625.4,2.39,3.05,77.73,78.38,79.127,14419.33,17007.98,22857.12,3.91
2015-12-16,76.96,79.88,78.39,76.95,17208.4,1.51,1.96,76.998,78.354,78.814,12728.21,16474.13,22368.15,2.73
2015-12-15,77.02,78.0,76.9,76.02,9526.1,-0.09,-0.12,76.76,78.283,78.477,13738.0,16978.13,22516.94,1.51
2015-12-14,74.2,77.0,77.0,74.2,9396.96,1.38,1.82,77.46,78.669,78.366,16407.75,19469.82,23043.56,1.49
2015-12-11,77.12,77.12,75.6,75.52,11339.79,-1.53,-1.98,77.982,79.169,78.341,17416.82,21936.21,23551.78,1.8
2015-12-10,77.51,77.79,77.1,76.0,16169.82,-0.05,-0.07,79.03,79.359,78.292,19596.64,23735.82,24873.59,2.57
2015-12-09,79.8,80.88,77.2,76.76,22257.31,-3.21,-3.99,79.71,79.729,78.538,20220.05,25088.11,26026.18,3.54
2015-12-08,79.6,82.0,80.4,78.86,22874.88,0.71,0.89,79.806,80.277,78.627,20218.26,26157.27,26487.75,3.63
2015-12-07,81.0,81.29,79.61,78.9,14442.32,-1.21,-1.5,79.878,80.567,78.363,22531.89,28431.9,26630.96,2.29
2015-12-04,80.01,82.25,80.84,79.0,22238.85,0.47,0.58,80.356,80.207,78.202,26455.6,28858.29,27721.28,3.53
2015-12-03,77.9,80.5,80.5,77.65,19286.89,2.92,3.76,79.688,79.874,77.878,27875.0,28706.25,28358.58,3.06
2015-12-02,80.27,80.27,77.68,74.5,22248.38,-3.04,-3.77,79.748,79.273,77.293,29956.17,28262.17,28844.68,3.54
2015-12-01,82.75,85.49,80.76,78.7,34442.99,-2.12,-2.56,80.748,78.67,76.909,32096.27,28055.76,29069.85,5.47
2015-11-30,78.05,83.77,82.0,75.95,34060.9,4.5,5.81,81.256,78.063,76.32,34331.91,26617.29,28909.97,5.41
2015-11-27,79.5,82.49,77.5,75.7,29335.82,-3.31,-4.1,80.058,77.513,75.516,31260.98,25167.36,28881.91,4.66
2015-11-26,82.41,84.96,80.8,80.4,29692.78,-1.94,-2.35,80.06,77.224,74.766,29537.5,26011.37,27994.86,4.72
2015-11-25,82.08,83.28,82.68,80.67,32948.85,-0.63,-0.76,78.798,77.346,73.877,26568.17,26964.26,27255.05,5.24
2015-11-24,75.99,83.67,83.3,75.99,45621.21,7.24,9.52,76.592,76.976,72.835,24015.25,26818.24,26338.34,7.25
2015-11-23,78.3,78.88,76.01,75.69,18706.24,-1.52,-1.96,74.87,76.158,71.792,18902.67,24830.01,25015.65,2.97
2015-11-20,74.75,78.87,77.51,74.32,20718.42,3.05,4.1,74.968,76.197,71.15,19073.73,26584.28,25126.5,3.29
2015-11-19,72.0,74.65,74.49,71.8,14846.13,2.84,3.96,74.388,75.882,70.346,22485.23,28010.91,24780.68,2.36
2015-11-18,74.45,75.57,71.65,71.06,20184.23,-3.03,-4.06,75.894,75.313,69.636,27360.34,29427.2,24760.34,3.21
2015-11-17,77.49,79.2,74.69,74.5,20058.34,-1.83,-2.39,77.36,75.147,68.983,29621.24,30083.94,24704.4,3.19
2015-11-16,73.12,76.6,76.5,73.12,19561.53,1.89,2.53,77.446,74.576,68.402,30757.35,31202.66,24322.01,3.11
2015-11-13,80.0,80.46,74.61,74.01,37775.93,-7.37,-8.99,77.426,73.519,67.696,34094.83,32596.47,24004.51,6.0
2015-11-12,79.1,84.98,82.02,79.1,39221.69,3.04,3.85,77.376,72.308,67.148,33536.6,29978.36,22683.97,6.23
2015-11-11,75.05,79.0,78.98,74.0,31488.7,3.92,5.22,74.732,70.407,66.236,31494.05,27545.85,21533.77,5.0
2015-11-10,75.3,76.3,75.12,73.03,25738.9,-1.2,-1.57,72.934,68.694,65.406,30546.64,25858.44,21349.8,4.09
2015-11-09,73.99,78.0,76.4,73.88,36248.91,1.98,2.66,71.706,67.426,64.735,31647.96,25201.3,20656.56,5.76
2015-11-06,68.25,75.46,74.36,68.25,34984.78,5.59,8.13,69.612,66.103,63.964,31098.12,23668.73,19687.26,5.56
2015-11-05,69.6,72.0,68.8,67.98,29008.94,-1.18,-1.69,67.24,64.809,63.083,26420.11,21550.45,18416.12,4.61
2015-11-04,68.8,70.6,69.99,68.0,26751.68,1.02,1.48,66.082,63.959,62.48,23597.65,20093.49,17477.99,4.25
2015-11-03,66.08,69.88,68.98,64.81,31245.5,3.04,4.61,64.454,62.818,61.688,21170.23,19324.86,16396.13,4.96
2015-11-02,61.55,67.99,65.93,61.3,33499.71,3.29,5.25,63.146,62.228,60.968,18754.63,17441.36,15075.96,5.32
2015-10-30,63.05,63.46,62.5,61.52,11594.74,-0.54,-0.86,62.594,61.872,60.441,16239.34,15412.56,13719.96,1.84
2015-10-29,62.08,63.9,63.01,62.08,14896.64,1.21,1.96,62.378,61.988,59.987,16680.79,15389.58,13583.44,2.37
2015-10-28,61.7,63.1,61.85,61.5,14614.55,-0.6,-0.96,61.836,62.066,59.671,16589.32,15521.7,13286.06,2.32
2015-10-27,61.51,63.26,62.44,59.6,19167.52,-0.67,-1.06,61.182,62.118,59.364,17479.49,16841.16,12996.88,3.05
2015-10-26,62.8,64.82,63.17,61.75,20923.24,1.71,2.78,61.31,62.044,59.074,16128.09,16111.83,12624.8,3.32
2015-10-23,60.32,61.74,61.42,60.06,13801.98,1.1,1.82,61.15,61.825,58.716,14585.77,15705.78,12099.76,2.19
2015-10-22,58.67,60.54,60.3,58.59,14439.33,1.69,2.88,61.598,61.356,58.324,14098.37,15281.8,11753.32,2.29
2015-10-21,63.2,63.7,58.58,58.03,19065.36,-4.49,-7.12,62.296,61.001,57.954,14454.07,14862.49,11671.02,3.03
2015-10-20,62.5,63.36,63.08,62.31,12410.56,0.77,1.24,63.054,60.557,57.74,16202.84,13467.4,11287.98,1.97
2015-10-19,63.51,64.0,62.37,62.02,13211.63,-1.33,-2.09,62.778,59.707,57.074,16095.57,12710.56,11262.1,2.1
2015-10-16,64.0,64.8,63.66,63.0,11364.98,-0.11,-0.17,62.5,59.01,56.659,16825.8,12027.36,11237.45,1.81
2015-10-15,61.03,64.3,63.79,61.03,16217.84,1.42,2.28,61.114,57.985,56.481,16465.22,11777.3,11057.17,2.58
2015-10-14,60.01,65.0,62.37,59.62,27809.2,0.68,1.1,59.706,57.276,56.267,15270.91,11050.42,10979.75,4.42
2015-10-13,60.0,63.1,61.7,59.6,11874.2,0.74,1.21,58.06,56.609,56.173,10731.95,9152.6,10611.44,4.57
2015-10-12,56.88,61.16,60.98,56.87,16862.76,4.29,7.57,56.636,56.104,56.007,9325.55,9137.77,10750.04,6.49
2015-10-09,56.88,57.3,56.73,55.62,9562.1,0.03,0.05,55.52,55.606,55.688,7228.93,8493.74,10606.87,3.68
2015-10-08,55.51,57.45,56.75,55.51,10246.28,2.62,4.84,54.856,55.291,55.501,7089.37,8224.84,10944.21,3.94
2015-09-30,54.7,55.13,54.14,53.53,5114.41,-0.48,-0.88,54.846,54.907,55.537,6829.93,8479.55,11285.28,1.97
2015-09-29,54.01,54.9,54.58,53.9,4842.2,-0.82,-1.48,55.158,54.922,56.023,7573.25,9108.56,12047.29,1.86
2015-09-28,53.51,55.49,55.4,52.63,6379.64,1.85,3.46,55.572,54.441,56.844,8949.98,9813.65,13045.91,2.45
2015-09-25,56.2,56.99,53.41,53.0,8864.32,-3.26,-5.75,55.692,54.307,57.347,9758.55,10447.54,13734.07,3.41
2015-09-24,55.55,57.43,56.7,55.53,8949.07,1.0,1.79,55.726,54.977,57.786,9360.31,10337.04,14694.27,3.44
2015-09-23,55.88,56.33,55.7,54.82,8831.01,-0.93,-1.64,54.968,55.258,58.222,10129.17,10909.09,15392.37,3.4
2015-09-22,56.11,57.5,56.65,55.31,11725.88,0.66,1.18,54.686,55.736,59.072,10643.87,12070.28,15970.76,4.51
2015-09-21,53.0,56.0,56.0,52.2,10422.46,2.53,4.73,53.31,55.909,60.248,10677.31,12362.31,16653.22,4.01
2015-09-18,53.1,53.89,53.58,52.6,6873.12,0.71,1.34,52.922,55.77,61.369,11136.54,12720.0,16975.39,2.64
2015-09-17,54.29,55.7,52.91,52.7,12793.37,-1.34,-2.47,54.228,55.712,62.884,11313.78,13663.59,17974.37,4.92
2015-09-16,50.88,54.73,54.29,50.01,11404.51,4.54,9.13,55.548,56.168,64.13,11689.01,14091.0,18723.94,4.39
2015-09-15,51.23,53.45,49.77,49.55,11893.11,-4.29,-7.94,56.786,57.124,65.74,13496.69,14986.03,19264.23,4.57
2015-09-14,60.1,60.6,54.06,54.06,12718.59,-6.01,-10.01,58.508,59.247,67.826,14047.31,16278.17,19732.54,4.89
2015-09-11,58.81,60.62,60.11,58.61,7759.3,0.47,0.79,58.618,60.386,69.852,14303.45,17020.6,20552.04,2.98
2015-09-10,59.97,61.89,59.51,58.0,14669.56,-0.92,-1.52,57.196,60.595,71.296,16013.4,19051.5,21677.75,5.64
2015-09-09,58.8,62.2,60.48,57.98,20442.87,2.11,3.62,56.788,61.186,73.045,16492.99,19875.64,23070.78,7.86
2015-09-08,53.9,58.39,58.38,53.38,14646.24,3.72,6.81,57.462,62.407,74.535,16475.37,19871.25,24604.5,5.63
2015-09-07,53.0,57.5,54.61,53.0,13999.28,1.45,2.73,59.986,64.587,75.917,18509.03,20944.12,24992.14,5.38
2015-09-02,52.8,58.98,53.0,52.1,16309.06,-4.47,-7.78,62.154,66.967,77.101,19737.76,21230.78,26527.7,6.27
2015-09-01,60.01,62.3,57.47,57.47,17067.52,-6.38,-9.99,63.994,70.055,78.635,22089.6,22285.15,28407.54,6.56
2015-08-31,68.8,69.9,63.85,63.85,20354.77,-7.09,-9.99,65.584,72.091,79.566,23258.3,23356.88,28651.09,7.83
2015-08-28,66.02,71.0,71.0,65.64,24814.51,5.62,8.6,67.352,74.355,79.831,23267.12,23542.44,28857.28,9.54
2015-08-27,64.48,66.85,65.45,60.0,20142.92,3.13,5.02,69.188,76.405,79.924,23379.21,23186.9,29631.09,7.75
2015-08-26,65.5,69.99,62.2,60.02,28068.27,-3.22,-4.92,71.78,79.318,80.706,22723.8,24083.47,31016.35,10.8
2015-08-25,65.5,69.05,65.42,65.42,22911.01,-7.27,-10.0,76.116,81.996,81.316,22480.7,24304.01,30092.93,8.81
2015-08-24,74.46,77.95,72.69,72.69,20398.9,-8.08,-10.0,78.598,84.904,81.43,23455.46,26265.91,30282.89,7.85
2015-08-21,80.86,85.5,80.18,75.01,25374.95,1.59,2.02,81.358,86.663,81.098,23817.75,29337.75,30682.17,9.76
2015-08-20,82.26,82.9,78.41,77.64,16865.86,-5.45,-6.5,83.622,87.247,80.76,22994.6,29040.15,30696.0,6.49
2015-08-19,76.5,84.8,83.88,75.02,26852.76,5.93,7.61,86.856,87.234,80.652,25443.14,31824.62,31309.4,10.33
2015-08-18,86.6,89.97,77.83,77.82,27784.85,-8.64,-9.99,87.876,87.215,80.028,26127.32,34529.94,31335.57,10.69
2015-08-17,89.0,90.02,86.49,86.2,22210.34,-5.02,-5.49,91.21,87.04,79.526,29076.35,33945.31,30715.18,8.54
2015-08-14,93.88,95.45,91.5,90.3,21259.17,-3.01,-3.19,91.968,85.307,78.553,34857.76,34172.12,30677.15,8.18
2015-08-13,88.7,95.68,94.58,87.01,29108.59,5.67,6.38,90.872,83.443,77.351,35085.71,36075.27,31108.26,11.2
2015-08-12,91.01,94.0,88.98,88.0,30273.66,-5.48,-5.8,87.612,82.095,75.842,38206.1,37949.23,30897.78,11.64
2015-08-11,89.89,99.0,94.5,88.47,42530.0,4.26,4.72,86.554,80.636,74.788,42932.56,35881.86,31800.06,16.36
2015-08-10,91.26,94.0,90.28,88.1,51117.36,4.26,4.95,82.87,77.955,73.563,38814.26,34299.86,33397.78,19.66
2015-08-07,77.9,86.02,86.02,77.9,22398.93,7.82,10.0,78.646,75.532,72.472,33486.49,32026.59,34235.48,8.61
2015-08-06,80.8,83.0,78.28,75.7,44710.55,-5.41,-6.46,76.014,74.272,71.329,37064.83,32351.85,35512.55,17.2
2015-08-05,78.6,83.69,83.69,78.6,53905.94,7.61,10.0,76.578,74.069,70.287,37692.37,30794.18,35892.75,20.73
2015-08-04,70.14,76.08,76.08,70.14,21938.53,6.92,10.01,74.718,72.84,68.713,28831.16,28141.2,33296.76,8.44
2015-08-03,70.8,72.9,69.16,67.6,24478.5,-3.7,-5.08,73.04,72.012,67.809,29785.46,27485.04,32554.43,9.41
2015-07-31,77.8,79.8,72.86,72.86,40290.64,-8.1,-10.01,72.418,71.798,67.574,30566.68,27182.18,35209.11,15.5
2015-07-30,79.9,81.83,81.1,78.02,47848.23,6.71,9.02,72.53,71.259,67.511,27638.86,26141.25,33249.97,18.4
2015-07-29,74.39,74.39,74.39,74.39,9599.9,6.76,10.0,71.56,69.589,67.452,23895.99,23846.33,33149.64,3.69
2015-07-28,62.85,69.68,67.69,60.0,26710.04,1.64,2.48,70.962,68.94,67.634,27451.23,27718.26,35336.18,10.27
2015-07-27,71.65,75.5,66.05,66.05,28384.59,-7.34,-10.0,70.984,69.171,67.797,25184.63,32495.7,35220.82,10.92
2015-07-24,75.85,80.13,73.42,72.66,25651.53,-2.83,-3.71,71.178,69.411,68.032,23797.68,36444.38,34947.42,9.87
2015-07-23,71.2,78.5,76.25,70.76,29133.89,4.86,6.81,69.988,68.386,67.856,24643.65,38673.25,35631.59,11.21
2015-07-22,68.0,71.98,71.4,67.59,27376.12,3.6,5.31,67.618,66.504,67.653,23796.67,40991.33,36937.15,10.53
2015-07-21,66.15,68.4,67.8,65.08,15377.0,0.78,1.16,66.918,64.585,68.094,27985.29,38452.31,37526.11,5.91
2015-07-20,66.7,69.9,67.02,66.0,21449.85,-0.46,-0.68,67.358,63.606,68.472,39806.78,37623.81,38234.2,8.25
2015-07-17,65.28,67.99,67.47,64.5,29881.37,3.06,4.75,67.644,63.349,68.917,49091.07,43236.03,39144.58,11.49
2015-07-16,65.79,69.99,64.4,62.11,24899.0,-3.59,-5.28,66.784,63.763,68.995,52702.86,40358.69,38788.79,9.58
2015-07-15,67.5,71.6,67.9,64.88,48319.25,-2.12,-3.03,65.39,65.315,69.257,58185.98,42452.95,38413.93,18.58
2015-07-14,65.05,72.35,70.0,65.02,74484.41,1.56,2.28,62.252,66.328,69.23,48919.33,42954.09,36617.85,28.65
2015-07-13,64.0,68.99,68.45,63.01,67871.33,5.28,8.36,59.854,66.422,69.043,35440.85,37945.93,33477.13,26.1
2015-07-10,58.9,63.17,63.17,58.01,47940.3,5.74,9.99,59.054,66.652,68.94,37380.99,33450.46,30846.57,18.44
2015-07-09,46.99,57.43,57.43,46.99,52314.63,5.22,10.0,60.742,67.325,69.031,28014.53,32589.94,29052.39,20.12
2015-07-08,52.21,52.21,52.21,52.21,1986.0,-5.8,-10.0,65.24,68.802,69.404,26719.92,32882.98,27427.0,0.76
2015-07-07,58.05,60.8,58.01,58.01,7092.0,-6.44,-9.99,70.404,71.603,69.938,36988.84,36599.91,27799.31,2.73
2015-07-06,64.49,71.5,64.45,64.45,77572.03,-7.16,-10.0,72.99,73.337,70.136,40451.01,38844.58,27861.68,29.84
2015-07-03,71.61,71.61,71.61,71.61,1108.0,-7.96,-10.0,74.25,74.485,70.029,29519.92,35053.13,24368.79,0.43
2015-04-07,80.94,82.38,79.92,78.56,45841.59,1.89,2.42,73.908,74.227,69.595,37165.34,37218.89,24693.28,17.63
2015-04-03,70.71,78.03,78.03,70.3,53330.6,7.09,9.99,72.364,73.199,68.775,39046.03,34374.9,22801.63,20.51
2015-04-02,70.65,71.74,70.94,70.03,24402.83,0.19,0.27,72.802,72.132,68.087,36210.98,30281.62,20864.55,9.39
2015-04-01,69.52,71.68,70.75,69.5,22916.59,0.85,1.22,73.684,71.664,67.659,37238.15,29008.34,20239.45,8.81
2015-03-31,70.82,70.82,69.9,68.23,39335.08,-2.3,-3.19,74.72,71.227,67.286,40586.33,28242.68,19816.43,15.13
2015-03-30,72.2,74.72,72.2,72.2,55245.04,-8.02,-10.0,74.546,70.736,66.939,37272.43,25514.85,19729.31,21.25
2015-03-27,74.01,82.88,80.22,74.01,39155.34,4.87,6.46,74.034,70.005,66.413,29703.77,21971.02,17478.22,15.06
2015-03-26,78.1,78.1,75.35,73.0,29538.68,-0.58,-0.76,71.462,68.272,65.489,24352.27,18998.71,16359.48,11.36
2015-03-25,69.2,75.93,75.93,69.2,39657.52,6.9,10.0,69.644,66.935,64.642,20778.52,16878.79,15143.89,15.25
2015-03-24,69.39,70.8,69.03,66.86,22765.59,-0.61,-0.88,67.734,65.573,63.814,15899.03,13684.46,13424.74,8.76
2015-03-23,67.72,69.88,69.64,67.72,17401.7,2.28,3.38,66.926,64.963,63.362,13757.27,12167.68,12584.21,6.69
2015-03-20,66.61,68.58,67.36,66.61,12397.84,1.1,1.66,65.976,64.351,62.854,14238.27,11228.36,12034.5,4.77
2015-03-19,66.08,66.6,66.26,65.65,11669.97,-0.12,-0.18,65.082,64.041,62.439,13645.16,11447.48,11838.27,4.49
2015-03-18,65.0,66.46,66.38,64.83,15260.03,1.39,2.14,64.226,63.654,61.982,12979.06,11470.56,11469.31,5.87
2015-03-17,65.38,65.54,64.99,64.46,12056.81,0.1,0.15,63.412,63.344,61.513,11469.89,11390.18,10960.19,4.64
2015-03-16,63.5,65.12,64.89,63.5,19806.69,2.0,3.18,63.0,63.141,61.074,10578.09,13943.76,10575.67,7.62
2015-03-13,62.3,63.3,62.89,62.3,9432.31,0.91,1.47,62.726,62.821,60.649,8218.46,12985.42,10017.86,3.63
2015-03-12,62.34,62.9,61.98,61.5,8339.44,-0.33,-0.53,63.0,62.706,60.405,9249.79,13720.24,9914.29,3.21
2015-03-11,63.01,63.16,62.31,62.16,7714.2,-0.62,-0.98,63.082,62.349,60.256,9962.06,13408.98,9822.21,2.97
2015-03-10,63.05,63.88,62.93,62.73,7597.8,-0.59,-0.93,63.276,62.055,60.139,11310.47,13165.02,9813.74,2.92
2015-03-09,63.92,63.92,63.52,62.0,8008.54,-0.74,-1.15,63.282,61.761,59.895,17309.44,13000.75,9726.13,3.08
2015-03-06,62.99,65.4,64.26,62.42,14588.96,1.87,3.0,62.916,61.356,59.648,17752.39,12840.65,9561.13,5.61
2015-03-05,63.05,63.11,62.39,61.95,11900.78,-0.89,-1.41,62.412,60.837,59.405,18190.69,12229.06,9128.83,4.58
2015-03-04,62.17,63.63,63.28,61.81,14456.26,0.32,0.51,61.616,60.309,59.296,16855.91,11468.06,8816.8,5.56
2015-03-03,64.0,67.09,62.96,62.83,37592.64,1.27,2.06,60.834,59.683,59.151,15019.56,10530.21,8538.81,14.46
2015-02-27,61.74,61.74,61.69,60.81,10223.31,-0.05,-0.08,60.24,59.007,59.043,8692.06,7207.58,7141.41,3.93
2015-02-26,58.3,61.78,61.74,58.1,16780.46,3.33,5.7,59.796,58.477,58.988,7928.9,7050.3,7361.59,6.45
2015-02-25,59.47,59.47,58.41,58.09,5226.9,-0.96,-1.62,59.262,58.103,59.001,6267.44,6108.33,7123.81,2.01
2015-02-17,60.1,60.1,59.37,59.33,5274.51,-0.62,-1.03,59.002,58.162,59.149,6080.21,6235.44,7650.2,2.03
2015-02-16,60.01,60.19,59.99,59.21,5955.13,0.52,0.87,58.532,58.223,59.231,6040.85,6462.47,8493.24,2.29
2015-02-13,59.35,60.0,59.47,59.27,6407.51,0.4,0.68,57.774,58.028,59.174,5723.09,6451.51,8953.9,2.46
2015-02-12,57.29,59.5,59.07,57.2,8473.14,1.96,3.43,57.158,57.939,59.143,6171.69,6281.61,9124.03,3.26
2015-02-11,57.0,57.26,57.11,56.82,4290.77,0.09,0.16,56.944,57.972,59.045,5949.22,6028.6,9018.97,1.65
2015-02-10,56.28,57.05,57.02,56.03,5077.71,0.82,1.46,57.322,58.283,59.025,6390.67,6165.53,9273.13,1.95
2015-02-09,56.39,57.3,56.2,56.03,4366.34,-0.19,-0.34,57.914,58.618,59.034,6884.08,6547.41,9562.82,1.68
2015-02-06,57.72,57.88,56.39,56.15,8650.5,-1.61,-2.78,58.282,59.079,58.995,7179.92,7075.25,9949.42,3.33
2015-02-05,59.4,59.45,58.0,57.98,7360.8,-1.0,-1.7,58.72,59.5,59.062,6391.53,7672.89,9904.09,2.83
2015-02-04,60.05,60.49,59.0,58.92,6497.98,-0.98,-1.63,59.0,59.898,59.092,6107.98,8139.29,9827.76,2.5
2015-02-03,58.29,60.03,59.98,58.29,7544.77,1.94,3.34,59.244,60.135,59.099,5940.4,9064.97,9935.42,2.9
2015-02-02,58.06,58.76,58.04,57.36,5845.56,-0.54,-0.92,59.322,60.238,59.11,6210.75,10524.01,10166.67,2.25
2015-01-30,59.62,59.7,58.58,58.55,4708.56,-0.82,-1.38,59.876,60.32,59.117,6970.58,11456.28,10373.19,1.81
2015-01-29,59.88,60.26,59.4,59.18,5943.04,-0.82,-1.36,60.28,60.346,59.185,8954.25,11966.45,10560.32,2.29
2015-01-28,60.0,60.71,60.22,59.65,5660.05,-0.15,-0.25,60.796,60.117,59.188,10170.6,12009.35,10635.27,2.18
2015-01-27,60.86,60.98,60.37,59.51,8896.52,-0.44,-0.72,61.026,59.767,59.189,12189.53,12380.73,10850.18,3.42
2015-01-26,60.0,61.41,60.81,59.7,9644.71,0.21,0.35,61.154,59.45,59.278,14837.27,12578.23,10821.84,3.71
2015-01-23,61.97,62.89,60.6,60.28,14626.94,-1.38,-2.23,60.764,58.91,59.338,15941.99,12823.59,10847.07,5.63
2015-01-22,61.4,62.59,61.98,61.1,12024.79,0.61,0.99,60.412,58.623,59.399,14978.64,12135.28,10922.91,4.62
2015-01-21,61.12,61.86,61.37,60.55,15754.71,0.36,0.59,59.438,58.286,59.237,13848.09,11516.22,10980.82,6.06
2015-01-20,59.01,61.59,61.01,59.01,22135.19,2.15,3.65,58.508,58.063,59.015,12571.92,10805.89,10846.07,8.51
2015-01-19,58.4,60.69,58.86,57.0,15168.32,0.02,0.03,57.746,57.982,58.99,10319.2,9809.33,10499.16,5.83
2015-01-16,57.11,59.44,58.84,57.01,9810.21,1.73,3.03,57.056,57.913,59.181,9705.2,9290.1,10302.9,3.77
2015-01-15,56.8,57.88,57.11,56.36,6372.01,0.39,0.69,56.834,58.023,59.435,9291.91,9154.2,10603.26,2.45
2015-01-14,57.25,57.39,56.72,56.1,9373.87,-0.48,-0.84,57.134,58.259,59.879,9184.35,9261.21,10916.88,3.61
2015-01-13,55.51,57.65,57.2,55.48,10871.59,1.79,3.23,57.618,58.611,60.408,9039.85,9319.63,11127.94,4.18
2015-01-12,57.5,57.51,55.41,55.1,12098.3,-2.32,-4.02,58.218,59.105,60.854,9299.45,9065.45,11030.45,4.65
2015-01-09,58.3,59.17,57.73,57.7,7743.79,-0.88,-1.5,58.77,59.765,61.392,8875.01,8870.55,11031.96,2.98
2015-01-08,58.78,59.65,58.61,58.58,5834.19,-0.53,-0.9,59.212,60.175,61.791,9016.49,9710.54,11452.25,2.24
2015-01-07,60.01,60.17,59.14,58.6,8651.38,-1.06,-1.76,59.384,60.188,62.024,9338.06,10445.42,12597.79,3.33
2015-01-06,57.58,60.49,60.2,57.58,12169.59,2.03,3.49,59.604,59.967,62.427,9599.4,10886.26,13222.74,4.68
2015-01-05,59.58,59.58,58.17,57.25,9976.08,-1.77,-2.95,59.992,59.997,62.879,8831.44,11188.99,14340.62,3.84
2014-12-31,60.0,60.23,59.94,58.5,8451.21,0.47,0.79,60.76,60.448,63.621,8866.1,11315.71,15099.4,3.25
2014-12-30,60.49,60.8,59.47,58.88,7442.05,-0.77,-1.28,61.138,60.846,64.35,10404.59,12052.32,16223.03,2.86
2014-12-29,61.7,61.7,60.24,59.13,9958.08,-1.9,-3.06,60.992,61.498,65.077,11552.78,12572.56,17930.7,3.83
2014-12-26,61.9,63.23,62.14,61.21,8329.79,0.13,0.21,60.33,62.205,65.592,12173.11,12936.25,18465.67,3.2
2014-12-25,61.75,62.58,62.01,60.8,10149.36,0.18,0.29,60.002,62.603,65.963,13546.54,12995.45,19228.37,3.9
2014-12-24,59.18,62.4,61.83,59.18,16143.66,3.09,5.26,60.136,63.02,66.354,13765.31,13193.37,20280.24,6.21
2014-12-23,57.31,60.68,58.74,57.01,13182.99,1.81,3.18,60.554,63.407,66.59,13700.05,13193.96,20277.08,5.07
2014-12-22,59.85,59.87,56.93,56.35,13059.77,-3.57,-5.9,62.004,63.859,66.94,13592.35,14750.17,21039.73,5.02
2014-12-19,62.0,63.5,60.5,60.0,15196.91,-2.18,-3.48,64.08,64.887,67.464,13699.38,15559.22,21561.39,5.84
2014-12-18,63.83,64.55,62.68,62.65,11243.24,-1.24,-1.94,65.204,65.761,67.796,12444.36,17492.25,21931.82,4.32
2014-12-17,65.89,65.89,63.92,63.2,15817.36,-2.07,-3.14,65.904,66.793,68.026,12621.42,18883.09,22325.2,6.08
2014-12-16,67.2,67.67,65.99,65.44,12644.46,-1.32,-1.96,66.26,67.854,68.152,12687.87,20393.75,22396.09,4.86
2014-12-15,65.78,67.71,67.31,65.08,13594.94,1.19,1.8,65.714,68.656,68.224,15907.98,23288.84,22941.2,5.23
2014-12-12,65.99,66.42,66.12,64.81,8921.8,-0.06,-0.09,65.694,68.979,68.139,17419.07,23995.09,23497.95,3.43
2014-12-11,65.51,66.46,66.18,64.58,12128.52,0.48,0.73,66.318,69.322,68.113,22540.14,25461.29,25782.06,4.66
2014-12-10,63.6,66.5,65.7,63.01,16149.65,2.44,3.86,67.682,69.688,68.391,25144.76,27367.12,26995.42,6.21
2014-12-09,66.5,67.43,63.26,63.11,28745.01,-3.95,-5.88,69.448,69.773,68.748,28099.62,27360.19,28426.4,11.06
2014-12-08,68.68,68.68,67.21,67.0,21150.35,-2.03,-2.93,71.598,70.021,69.045,30669.69,27329.3,28914.17,8.13
2014-12-05,72.5,72.5,69.24,69.18,34527.17,-3.76,-5.15,72.264,70.04,69.242,30571.11,27563.56,29714.72,13.28
2014-12-04,74.7,74.7,73.0,72.8,25151.61,-1.53,-2.05,72.326,69.831,69.188,28382.43,26371.39,30583.75,9.67
2014-12-03,73.7,75.5,74.53,72.0,30923.95,0.52,0.7,71.694,69.259,68.99,29589.47,25767.31,31785.99,11.89
2014-12-02,70.15,74.95,74.01,70.1,41595.37,3.47,4.92,70.098,68.449,68.538,26620.76,24398.44,32012.88,16.0
2014-12-01,70.0,71.63,70.54,68.68,20657.45,0.99,1.42,68.444,67.792,68.178,23988.9,22593.56,32750.07,7.95
2014-11-28,69.62,70.68,69.55,68.73,23583.78,-0.29,-0.41,67.816,67.299,67.8,24556.01,23000.8,33892.0,9.07
2014-11-27,67.26,72.0,69.84,67.11,31186.82,3.29,4.94,67.336,66.905,67.441,24360.35,26102.84,35462.96,11.99
2014-11-26,65.81,67.35,66.55,65.71,16080.4,0.81,1.23,66.824,67.093,66.888,21945.14,26623.72,35805.35,6.18
2014-11-25,67.21,67.75,65.74,65.01,28436.05,-1.66,-2.46,66.8,67.723,66.472,22176.11,29492.61,36993.86,10.94
2014-11-24,68.1,68.39,67.4,67.0,23493.0,0.25,0.37,67.14,68.068,65.993,21198.22,30499.05,36847.15,9.04
2014-11-21,67.0,68.3,67.15,66.81,22605.47,-0.13,-0.19,66.782,68.444,65.322,21445.59,31865.87,37384.35,8.69
2014-11-20,65.77,67.9,67.28,65.25,19110.77,0.85,1.28,66.474,68.545,64.809,27845.33,34796.11,37512.03,7.35
2014-11-19,67.11,67.38,66.43,65.51,17235.28,-1.01,-1.5,67.362,68.72,64.314,31302.29,37804.67,37933.85,6.63
2014-11-18,65.64,67.77,67.44,65.08,23546.6,1.83,2.79,68.646,68.626,63.884,36809.1,39627.33,39441.44,9.06
2014-11-17,65.02,67.25,65.61,64.3,24729.85,0.0,0.0,68.996,68.564,63.483,39799.87,42906.57,41569.72,9.51
2014-11-14,71.6,72.42,65.61,64.82,54604.17,-6.11,-8.52,70.106,68.3,63.057,42286.15,44783.21,43156.38,21.0
2014-11-13,70.75,73.5,71.72,70.4,36395.57,-1.13,-1.55,70.616,67.978,62.704,41746.88,44823.09,46868.94,14.0
2014-11-12,69.19,73.28,72.85,68.67,44769.33,3.66,5.29,70.078,66.682,62.21,44307.04,44986.99,45192.19,17.22
2014-11-11,70.96,71.16,69.19,68.09,38500.42,-1.97,-2.77,68.606,65.221,61.377,42445.55,44495.11,42973.47,14.81
2014-11-10,68.37,72.3,71.16,68.37,37161.25,3.0,4.4,68.132,63.917,60.473,46013.28,43195.26,41061.15,14.29
2014-11-07,69.05,72.01,68.16,67.0,51907.85,-0.87,-1.26,66.494,62.199,59.238,47280.27,42902.83,39227.34,19.96
2014-11-06,65.06,70.16,69.03,65.06,49196.36,3.54,5.41,65.34,61.073,58.768,47899.29,40227.96,38559.94,18.92
2014-11-05,65.78,66.92,65.49,64.5,35461.86,-1.33,-1.99,63.286,59.908,58.198,45666.94,38063.03,37969.03,13.64
2014-11-04,62.6,67.68,66.82,62.15,56339.09,3.85,6.11,61.836,59.142,57.769,46544.67,39255.55,38116.51,21.67
2014-11-03,62.78,64.9,62.97,62.0,43496.17,0.58,0.93,59.702,58.401,57.203,40377.24,40232.87,36977.6,16.73
2014-10-31,58.8,64.3,62.39,58.5,55002.98,3.63,6.18,57.904,57.813,56.819,38525.4,41529.56,36543.03,21.15
2014-10-30,58.02,59.19,58.76,57.7,38034.58,0.52,0.89,56.806,57.43,56.421,32556.62,48914.79,35224.46,14.63
2014-10-29,56.35,58.55,58.24,56.15,39850.51,2.09,3.72,56.53,57.737,56.241,30459.13,45397.38,35008.3,15.33
2014-10-28,54.8,56.45,56.15,54.8,25501.97,2.17,4.02,56.448,57.534,56.074,31966.43,41451.83,34604.78,9.81
2014-10-27,56.7,56.7,53.98,53.94,34236.94,-2.92,-5.13,57.1,57.029,56.067,40088.49,38927.04,35432.31,13.17
2014-10-24,57.45,57.87,56.9,56.76,25159.09,-0.48,-0.84,57.722,56.276,56.276,44533.72,35551.84,35551.84,9.68
2014-10-23,57.35,57.98,57.38,56.89,27547.12,-0.45,-0.78,58.054,56.207,56.207,65272.97,36706.59,36706.59,10.6
2014-10-22,59.31,60.2,57.83,57.62,47387.04,-1.58,-2.66,58.944,56.06,56.06,60335.64,37851.53,37851.53,18.23
2014-10-21,57.08,60.45,59.41,56.78,66112.28,2.32,4.06,58.62,55.807,55.807,50937.23,36489.31,36489.31,25.43
2014-10-20,57.5,58.3,57.09,56.65,56463.09,-1.47,-2.51,56.958,55.207,55.207,37765.58,31552.15,31552.15,21.72
2014-10-17,64.44,64.44,58.56,56.5,128855.31,-3.27,-5.29,54.83,54.83,54.83,26569.96,26569.96,26569.96,49.56
2014-10-16,61.83,61.83,61.83,61.83,2860.49,5.62,10.0,53.898,53.898,53.898,998.62,998.62,998.62,1.1
2014-10-15,56.21,56.21,56.21,56.21,395.0,5.11,10.0,51.253,51.253,51.253,378.0,378.0,378.0,0.15
2014-10-14,51.1,51.1,51.1,51.1,254.0,4.65,10.01,48.775,48.775,48.775,369.5,369.5,369.5,0.1
2014-10-13,38.71,46.45,46.45,38.71,485.0,14.19,43.99,46.45,46.45,46.45,485.0,485.0,485.0,0.19
